100
100
0 0 0 0 0 0 1792 0 0 946 0 0 0 0 0 0 0 0 0 0 0 0 0 0 0 0 0 0 0 0 0 0 0 0 0 0 0 0 0 0 0 0 0 0 0 0 0 70 0 0 0 0 0 517 0 0 0 0 0 0 0 0 0 0 1700 0 0 0 0 0 0 0 0 0 0 0 0 0 0 0 0 0 0 0 0 0 0 0 0 1842 0 0 0 0 0 0 0 1676 0 0
0 0 0 0 0 1295 0 0 0 0 0 0 0 0 0 0 0 0 0 1567 0 351 1676 0 0 0 0 0 0 0 0 0 0 0 0 0 0 0 0 1935 0 0 0 0 0 0 0 0 0 0 0 151 0 0 1719 0 0 0 0 0 742 0 0 0 0 0 0 0 0 0 1890 1928 0 0 0 0 0 0 0 0 0 0 0 0 0 0 798 0 0 0 0 0 0 0 0 0 0 0 0 0
0 0 0 0 0 0 0 0 0 0 1250 0 0 0 0 0 0 0 0 0 0 0 0 0 0 0 0 86 356 0 0 0 0 0 0 0 0 0 0 0 0 0 0 0 0 0 0 0 0 0 0 0 0 0 826 0 0 0 0 911 0 0 0 0 0 0 0 0 0 0 0 0 1006 0 0 0 0 0 0 0 0 0 0 0 0 0 0 0 0 0 0 802 0 0 0 0 0 0 0 0
0 0 0 0 0 0 1919 0 0 0 0 0 635 0 0 0 0 0 0 0 0 0 0 0 0 0 0 0 0 0 0 0 0 0 0 79 0 0 0 0 0 0 0 0 0 0 0 0 0 0 0 0 0 0 0 0 0 0 0 0 0 0 0 0 0 0 0 875 0 0 0 0 0 0 0 0 0 0 0 0 0 0 0 0 1001 891 0 0 0 0 0 0 0 0 0 0 0 0 0 0
0 0 0 741 0 0 0 0 0 0 0 0 0 0 0 0 253 0 0 0 0 0 0 0 0 0 0 672 0 0 0 0 0 0 0 0 0 359 0 0 0 0 0 0 0 0 1854 0 0 1660 0 0 0 521 0 0 0 0 0 0 0 0 1044 0 0 0 0 0 0 0 0 0 0 0 281 0 1032 0 0 0 0 0 916 0 0 0 0 0 0 0 0 1173 0 0 0 0 0 0 0 0
0 0 0 0 0 1399 0 931 0 0 0 0 0 0 0 1132 0 0 0 0 0 0 0 0 0 0 0 0 0 0 0 1459 0 0 0 0 0 0 0 0 0 0 0 0 0 0 0 0 0 0 0 0 0 0 0 0 0 0 0 0 0 0 0 0 0 0 0 0 0 0 0 0 0 0 0 358 0 0 0 0 0 0 0 0 0 0 1656 0 920 2043 0 0 0 0 0 0 0 0 0 0
0 0 0 0 0 0 0 0 0 0 0 0 0 0 0 0 0 0 0 0 0 0 1159 0 0 0 0 0 0 0 0 0 0 0 0 0 0 0 0 0 0 0 0 0 0 236 1570 0 0 0 0 0 0 0 0 0 0 0 0 0 0 0 0 0 0 0 0 0 0 0 0 0 0 0 0 0 0 0 0 0 0 0 0 0 0 0 0 0 0 0 0 0 0 0 0 1655 0 916 0 0
0 0 0 0 0 0 0 0 0 0 0 0 0 0 0 0 0 0 0 0 0 0 0 0 1690 0 0 0 0 0 0 165 1829 0 1800 0 0 0 0 0 0 0 0 1317 0 0 1884 0 0 0 0 0 0 0 0 0 0 0 0 0 0 0 0 0 0 0 0 0 0 0 0 0 958 0 0 0 0 0 0 0 0 0 0 0 0 0 0 0 0 0 0 0 0 0 0 1812 0 0 0 0
702 0 0 0 0 0 0 0 0 0 0 0 0 0 0 0 0 0 0 0 0 0 0 0 0 0 0 0 0 0 0 0 0 0 0 0 0 0 0 0 0 0 0 0 0 0 0 0 0 0 0 0 0 516 0 0 0 0 1440 0 0 0 0 0 0 0 0 0 142 0 0 0 0 0 0 0 0 0 871 0 0 0 0 1557 0 0 0 0 0 0 0 0 0 0 0 0 1360 0 0 0
0 0 0 0 0 1965 0 0 0 0 1537 0 1344 0 0 0 0 0 530 0 0 0 0 0 0 0 1759 0 0 0 0 0 0 0 0 0 0 0 0 0 0 0 0 0 1975 0 0 0 0 0 0 0 0 0 0 0 0 0 0 0 0 0 0 0 0 0 0 0 0 0 0 0 0 0 0 0 0 0 0 0 0 1885 0 0 0 0 725 0 0 0 0 1575 0 0 0 0 0 0 0 0
0 1091 0 0 0 0 0 0 0 0 0 0 0 0 0 0 0 0 1165 0 0 1124 0 0 0 0 0 0 0 0 0 287 0 0 0 0 0 0 0 0 0 2046 0 0 0 0 0 0 0 0 0 0 0 0 0 0 0 0 0 0 759 0 0 0 1619 0 0 0 0 321 0 0 0 0 0 0 0 0 0 0 0 0 0 0 0 0 0 0 0 0 0 0 0 0 0 0 0 0 0 0
0 0 0 0 0 0 0 0 0 0 0 0 0 0 0 0 0 0 0 0 0 0 0 0 0 0 0 0 0 1904 0 0 0 0 0 0 0 0 0 0 0 0 0 0 0 0 0 0 0 0 0 1285 0 0 0 0 0 0 0 1593 0 1197 0 0 0 0 0 0 0 0 0 0 0 0 0 0 0 0 0 0 0 0 0 34 0 0 0 0 0 0 0 0 565 0 0 0 0 0 0 0
0 0 0 0 0 0 0 0 0 0 0 0 0 0 0 0 0 1821 0 281 0 0 0 0 0 0 0 0 0 0 0 0 0 0 0 0 0 0 0 0 0 0 214 0 0 0 0 0 0 0 0 0 0 0 0 0 0 1811 0 0 629 0 0 0 0 0 0 0 0 0 0 0 0 0 0 0 0 0 0 0 0 0 0 0 0 0 0 0 0 0 0 0 0 0 0 0 0 0 0 0
599 0 0 777 0 0 0 0 0 0 0 0 0 0 0 0 1998 0 158 0 1050 0 0 0 0 0 0 0 0 0 0 0 0 0 0 0 0 0 0 0 0 0 0 0 0 802 0 0 0 0 0 0 0 0 0 0 0 0 0 0 0 0 0 0 0 0 0 0 0 0 0 0 0 0 0 0 0 0 0 0 0 933 0 0 0 0 0 0 0 940 0 0 0 0 0 0 0 0 0 1600
0 0 0 0 0 0 0 0 0 0 0 0 0 0 0 0 0 0 0 0 0 0 0 0 0 0 0 0 0 0 0 0 0 0 860 0 992 0 0 0 0 598 0 0 0 0 0 0 1162 0 0 0 2000 0 0 0 0 0 0 0 0 0 0 0 0 143 0 0 0 0 0 0 0 0 0 0 0 0 0 0 0 0 0 0 0 481 0 0 0 0 0 0 0 0 0 0 0 0 0 0
0 0 675 0 0 0 0 0 1195 0 0 0 0 0 0 0 0 0 1392 0 0 0 0 1998 1074 0 0 0 0 0 0 0 0 0 0 0 0 0 0 0 0 0 0 0 0 644 0 0 0 0 0 0 0 0 0 0 0 0 0 0 0 0 0 0 839 0 0 0 0 0 0 0 0 0 0 0 0 0 0 845 0 0 0 0 0 580 0 0 0 0 0 0 0 0 0 0 0 0 0 1569
0 0 0 0 0 0 0 0 0 0 0 0 0 768 36 0 1626 476 0 0 675 0 1661 0 0 0 507 0 0 0 0 1171 0 0 0 0 936 0 0 0 0 1764 0 0 0 0 0 0 0 0 0 0 0 0 0 0 0 0 0 2002 0 0 0 0 0 0 0 1744 0 0 0 0 65 0 0 0 0 0 0 0 0 0 0 376 0 197 1319 0 0 0 547 0 1884 0 0 0 0 0 0 0
0 0 0 0 0 0 0 0 0 0 0 0 0 0 0 0 0 1786 0 0 0 0 0 0 1057 0 0 0 0 0 0 0 0 0 0 0 0 0 0 0 0 0 0 0 0 0 0 0 0 0 0 0 0 0 0 0 0 0 0 634 0 0 0 840 0 0 0 0 0 0 0 0 0 0 0 0 0 0 0 0 0 0 1174 0 0 0 0 0 0 0 0 0 0 0 0 0 0 0 0 0
0 0 0 0 0 0 0 0 0 0 0 0 0 0 0 0 732 0 0 0 0 0 0 0 0 0 0 0 0 0 0 0 0 0 0 0 0 0 0 0 0 0 0 0 0 0 0 0 0 0 0 0 0 0 0 0 0 0 0 0 0 0 328 0 0 0 0 0 0 0 0 0 0 0 0 0 0 0 0 0 0 0 0 705 0 0 0 0 0 201 0 0 0 0 0 0 0 1591 0 0
0 0 0 1593 0 0 0 0 1944 0 0 0 0 0 0 0 0 0 0 0 0 0 0 0 1184 0 0 0 0 0 0 0 0 0 0 0 0 2034 0 0 0 0 0 0 0 0 0 1326 0 0 0 0 0 0 1824 0 0 0 1996 0 0 0 0 0 0 0 0 0 0 0 0 0 0 0 924 0 0 0 0 0 0 0 0 0 0 0 0 0 0 0 0 0 0 0 0 0 0 0 0 0
0 374 0 0 0 0 1177 0 0 0 0 0 0 0 0 1600 0 0 0 0 0 0 0 0 0 0 0 803 0 0 0 0 902 0 0 0 884 0 0 0 0 1917 0 0 0 0 0 0 1871 1276 2023 0 0 0 0 0 0 0 0 0 0 0 0 281 919 0 0 0 0 0 0 0 0 0 0 0 0 0 0 0 0 0 0 0 0 0 87 0 0 0 0 0 209 0 0 0 0 0 0 0
0 0 0 0 0 0 0 1104 0 0 338 0 0 1048 0 0 0 0 0 0 0 0 0 0 0 0 0 0 0 0 0 0 0 0 0 0 0 0 0 849 0 0 0 0 0 0 0 0 1115 0 0 798 0 11 0 0 0 0 0 0 0 0 0 0 0 0 0 0 0 0 0 0 0 0 0 0 0 0 0 0 0 0 0 0 0 0 0 0 1088 0 0 911 0 0 0 0 780 0 0 0
0 0 1948 0 174 0 765 0 0 0 0 0 0 1524 0 0 0 0 0 0 0 0 0 1677 0 0 0 0 0 0 0 0 0 0 0 0 1462 1665 0 0 0 1319 0 243 0 0 0 0 0 0 0 0 0 0 0 0 0 0 0 1809 0 0 0 0 0 0 0 0 0 0 0 0 0 1483 0 0 0 779 0 0 0 0 0 0 0 0 0 0 0 0 0 0 0 0 0 0 0 0 0 0
0 0 0 0 0 0 0 0 0 0 0 0 0 0 727 0 0 1288 0 0 706 0 0 0 0 0 0 0 0 0 0 0 0 1939 0 0 0 0 0 0 0 0 0 364 0 0 0 0 0 0 0 0 0 0 0 0 0 0 0 0 0 0 394 0 1656 0 0 0 0 0 0 0 0 1174 262 0 1016 0 0 0 0 0 1551 559 0 0 0 0 0 0 0 0 0 0 1087 0 0 0 0 0
0 0 0 0 0 0 0 0 0 0 0 0 0 0 0 0 0 0 0 0 0 1502 0 0 0 0 0 0 0 1607 0 0 0 0 0 0 0 0 227 0 0 0 0 0 0 0 0 0 0 0 0 0 0 0 0 0 0 0 1219 0 0 0 0 0 0 0 0 1054 0 0 0 0 0 0 0 0 0 0 0 0 0 0 0 0 0 0 0 0 0 0 0 962 0 0 0 0 1823 652 0 0
1163 1232 0 0 0 0 0 0 0 0 0 0 0 0 0 1011 0 0 0 0 1491 0 0 0 0 0 0 1346 0 0 36 0 0 0 0 0 0 2024 0 0 0 0 0 0 0 0 0 0 0 0 0 0 0 0 301 0 0 242 0 0 0 1361 0 2028 0 0 0 0 0 0 0 0 0 478 0 1790 0 0 0 0 0 0 0 0 0 0 0 1602 0 1917 0 0 0 0 0 0 0 0 0 679
0 0 95 0 1229 0 0 0 0 0 0 0 0 0 0 0 0 0 0 0 0 0 0 0 587 0 0 0 0 1323 1506 0 0 0 0 0 0 0 0 0 0 0 0 0 0 0 0 521 0 0 0 0 0 410 794 0 0 0 0 0 0 0 1834 0 0 0 0 0 0 0 0 0 0 0 0 0 0 0 0 0 0 0 0 0 0 0 0 0 0 0 0 0 0 0 0 0 0 0 0 0
0 1955 0 0 0 0 0 0 0 0 0 0 802 0 0 0 0 0 0 0 0 0 0 0 0 0 0 0 0 0 0 0 0 0 0 0 0 0 0 0 0 0 0 0 0 0 747 495 0 0 0 0 0 0 0 0 0 0 0 0 0 0 243 0 175 1669 0 0 0 0 1510 0 0 0 0 0 0 0 0 1511 0 0 0 0 0 0 0 0 0 0 1303 0 0 0 0 0 0 0 0 0
0 0 0 0 0 0 1475 0 0 0 0 0 0 0 0 0 0 0 0 0 0 871 0 0 0 0 0 0 0 0 0 1014 0 0 0 0 0 0 0 0 0 0 0 0 0 0 0 0 0 0 0 0 0 0 0 0 0 0 0 0 0 0 0 0 0 0 0 0 0 0 646 0 0 0 0 0 0 0 0 0 0 1353 0 0 0 0 0 0 1174 0 0 0 701 0 0 0 0 0 0 0
0 0 0 0 525 0 0 0 0 1897 0 0 0 0 0 0 1601 0 0 0 0 0 0 0 435 0 0 0 0 0 0 0 2032 0 0 0 0 0 0 0 0 0 0 0 0 0 0 0 0 0 0 0 0 0 0 0 0 0 0 0 0 0 1569 0 0 0 0 0 321 0 0 0 1505 0 0 0 0 0 0 0 0 0 1461 0 97 0 0 0 0 0 0 0 0 0 0 0 1942 0 0 0
0 0 0 0 0 0 0 0 0 0 1348 0 0 0 0 0 0 0 0 0 0 0 0 0 0 0 0 0 0 365 0 0 0 0 0 0 0 0 0 0 0 0 0 0 0 0 0 0 0 1336 0 0 0 0 0 0 0 0 0 0 0 0 0 0 155 0 0 0 0 0 0 0 0 1243 0 0 0 0 0 0 0 0 0 0 0 0 0 0 0 0 0 0 1421 0 0 0 0 0 0 0
1118 0 855 0 0 0 0 0 0 0 0 0 0 0 0 0 1136 0 1261 0 0 0 0 295 0 0 0 0 591 0 0 0 0 0 0 0 0 0 0 0 336 0 0 1607 0 0 0 0 0 0 0 0 215 0 0 660 0 1557 0 0 0 0 0 277 1166 713 0 0 0 0 0 0 0 0 0 0 0 1236 0 0 0 0 0 0 1365 0 0 0 0 0 0 0 0 0 0 0 0 0 0 0
0 0 0 0 0 0 0 0 0 0 1473 0 0 0 0 0 0 0 0 0 0 0 0 0 0 0 0 0 0 0 0 0 0 0 0 0 0 0 0 0 163 0 0 0 0 0 0 0 0 0 0 1596 0 0 0 0 0 0 0 0 0 0 0 1450 0 0 0 0 0 0 0 0 0 0 0 733 0 726 934 0 1437 0 0 0 0 0 0 0 0 0 0 0 0 0 43 0 0 709 0 0
0 0 0 0 0 0 0 0 0 0 0 84 0 0 0 204 0 0 264 1106 1349 0 0 0 0 0 0 444 0 0 0 0 0 0 0 0 0 0 0 0 0 1974 1801 0 0 0 0 0 0 0 0 0 0 215 0 0 0 1759 0 0 0 0 0 0 0 0 0 0 0 0 0 0 0 0 0 0 0 0 0 0 576 0 0 0 0 0 0 0 0 0 0 0 0 0 0 0 0 1191 55 0
0 0 621 0 0 0 0 0 0 0 0 0 588 0 1676 0 0 0 0 1820 0 0 0 0 0 0 0 0 0 0 0 0 0 0 0 0 0 0 1715 0 0 0 389 928 0 0 0 0 0 0 0 0 0 0 0 0 0 0 0 0 0 0 0 0 0 1345 1105 0 0 792 0 0 0 0 0 366 0 1300 0 0 0 0 0 0 24 987 0 0 0 0 0 0 0 0 0 0 0 0 0 0
0 0 0 0 0 1981 0 0 0 0 0 0 0 0 0 0 0 0 0 0 1349 0 0 0 0 0 0 0 0 0 0 2029 408 1119 0 0 0 0 0 0 0 0 0 0 0 0 0 0 0 0 0 0 0 0 0 0 0 0 0 0 0 699 482 0 0 0 0 0 0 0 0 0 0 0 0 0 0 0 0 0 0 0 0 0 0 0 0 0 0 0 0 0 0 0 485 0 0 0 134 0
0 0 45 0 0 0 0 0 0 0 0 1511 0 0 0 0 0 0 862 0 0 0 598 0 0 0 0 0 283 0 0 0 0 0 0 0 0 0 0 0 0 1452 875 0 0 0 0 0 0 0 1649 0 0 0 0 0 0 0 0 0 0 0 0 0 0 0 1796 0 0 0 1690 0 0 0 0 0 0 274 0 0 0 0 0 0 0 0 0 0 954 0 0 0 0 0 0 0 0 0 0 0
0 0 0 0 0 0 0 0 0 0 1950 0 0 0 0 0 0 0 0 0 0 0 0 0 0 0 0 0 0 0 0 0 0 0 0 0 1149 0 0 0 0 0 0 0 0 0 0 1382 0 0 0 250 0 0 0 0 0 0 0 0 0 0 0 0 0 0 0 1266 319 0 0 0 0 0 0 0 0 636 938 0 0 0 0 0 0 0 0 0 0 0 0 0 0 0 0 0 0 0 0 0
826 0 0 0 0 0 0 0 0 0 1472 0 0 0 607 0 0 0 0 0 670 0 0 0 0 0 0 0 0 0 0 0 881 0 0 0 0 0 0 0 0 0 0 0 0 710 0 0 82 0 0 0 1581 0 0 0 0 0 0 0 0 0 1510 0 0 0 0 0 0 364 0 0 0 0 0 0 0 0 0 0 0 0 0 0 0 0 0 375 0 0 0 0 0 0 0 0 0 0 0 1922
0 0 0 818 0 0 0 1884 0 0 620 0 0 0 0 0 61 0 0 0 0 1926 0 0 0 0 201 0 0 0 0 0 1549 0 0 0 0 0 0 0 0 0 0 0 0 2016 0 0 0 0 0 0 0 0 0 0 0 0 0 0 0 0 0 0 0 0 0 0 0 0 0 0 0 0 0 0 0 0 0 0 0 0 0 0 0 0 0 0 0 0 0 0 0 0 0 176 0 0 0 0
0 0 0 0 0 0 1591 0 0 0 0 0 0 0 0 0 0 0 0 1370 0 0 0 0 0 0 0 0 0 0 0 0 0 0 0 0 0 0 0 0 0 0 0 0 0 0 0 0 0 0 1838 0 0 0 0 0 0 0 0 1062 0 0 0 0 0 0 0 0 0 0 0 0 0 0 0 0 1279 0 2037 0 0 0 0 0 0 0 0 0 0 1485 1985 0 0 0 0 0 0 0 0 0
0 0 0 0 0 0 0 0 0 0 0 0 0 0 0 0 0 0 0 0 0 0 0 0 1339 0 0 0 1491 1243 0 0 715 0 0 0 0 0 0 0 0 0 0 0 0 0 0 0 0 0 0 0 0 0 0 0 0 0 0 204 0 0 0 0 0 0 1271 0 0 0 0 0 0 0 0 0 0 0 0 0 0 0 0 0 0 0 0 0 0 0 0 0 0 0 0 0 0 0 0 0
1405 0 0 0 0 0 0 0 0 0 1109 0 0 0 0 0 0 0 0 0 0 0 0 0 0 0 0 0 0 0 0 0 0 0 0 0 0 0 0 0 0 0 0 0 0 0 0 342 0 0 0 0 0 0 0 439 0 0 0 0 0 0 0 0 0 0 0 0 0 0 0 0 0 0 0 0 0 0 0 0 0 0 0 0 0 0 0 0 1008 0 0 0 0 0 0 0 0 0 0 0
0 0 0 0 0 0 0 0 0 0 0 902 0 0 0 0 0 0 0 0 0 0 0 0 0 0 0 0 0 0 0 0 0 0 0 0 0 0 0 1027 0 0 0 827 0 0 0 0 0 0 0 0 0 0 0 0 0 0 0 0 0 0 0 0 0 0 0 0 0 0 1811 0 0 0 0 0 0 0 0 0 0 0 0 0 0 0 0 0 0 0 0 0 0 0 0 0 0 604 0 1855
0 0 624 0 0 0 0 0 0 0 0 0 0 0 0 0 0 0 1058 0 0 0 369 0 0 0 0 0 0 0 0 0 0 0 708 0 0 0 0 0 0 0 0 0 0 0 0 0 0 0 0 0 0 0 0 0 0 0 0 0 0 0 0 0 0 0 0 0 0 0 226 0 0 0 0 0 0 0 0 0 0 0 0 0 0 0 0 0 0 0 0 0 0 1135 0 0 0 0 1151 0
0 0 1439 0 0 0 0 0 1216 0 0 0 0 0 0 0 0 0 0 0 0 0 0 1808 0 0 0 0 0 0 0 0 0 0 0 0 0 0 0 0 0 0 0 0 0 0 0 0 0 0 0 0 0 0 0 0 0 225 0 0 0 0 0 0 0 0 0 0 0 0 0 0 0 0 0 0 0 0 0 1087 0 0 0 0 0 0 0 0 0 0 0 0 0 0 0 0 0 1033 0 0
0 0 0 0 0 0 0 1678 0 0 0 0 0 0 0 0 0 0 0 0 0 0 0 0 0 0 0 0 0 0 0 0 0 0 461 0 0 0 0 0 627 0 0 0 0 0 0 0 0 0 0 0 0 0 0 0 0 1980 879 1042 0 0 0 0 0 571 0 0 0 0 505 0 0 0 0 0 0 0 0 0 0 0 0 1202 0 0 0 0 0 0 0 0 0 0 0 0 1733 0 0 0
0 0 0 0 1732 0 0 0 0 0 0 0 0 0 0 0 1418 0 0 0 0 0 0 0 0 0 0 0 1484 0 0 0 0 0 0 0 0 0 0 0 0 965 0 0 0 0 0 0 0 0 0 1360 0 0 1856 0 0 0 0 0 0 0 0 0 0 0 0 0 0 0 1890 0 0 0 1141 0 0 0 0 0 0 0 1457 0 0 1137 0 0 0 0 0 0 0 0 0 0 1531 0 0 0
0 0 0 0 0 0 0 0 0 0 0 0 0 0 0 0 0 0 0 0 0 0 0 0 0 0 0 0 0 0 0 1842 0 0 1034 0 192 0 0 0 0 1527 0 0 337 0 0 949 0 0 0 0 0 0 0 0 0 0 0 0 0 0 0 0 0 0 0 0 0 0 0 0 0 0 0 0 0 0 0 0 822 0 0 0 0 0 0 1694 0 0 162 0 0 0 0 0 0 0 0 0
0 0 0 0 0 2014 0 0 0 0 0 0 0 0 0 0 0 0 0 0 0 0 0 0 0 0 0 0 0 0 0 0 0 0 0 0 0 1928 1556 0 0 0 0 0 0 0 0 0 0 0 0 0 0 0 0 0 0 0 782 0 0 0 0 0 0 0 0 0 0 0 0 0 0 0 0 0 0 0 0 0 0 0 0 0 0 0 0 0 0 0 0 0 0 0 0 0 1652 0 0 0
0 0 0 0 0 0 0 0 0 0 0 0 0 2038 0 0 0 0 0 0 0 0 0 0 0 0 0 0 0 0 0 0 0 0 778 0 0 0 0 0 0 0 0 0 0 0 0 0 0 0 0 0 0 0 0 0 0 0 0 0 79 32 0 0 0 0 0 0 0 0 0 0 0 0 0 0 0 1880 0 0 0 0 0 0 0 0 0 0 0 0 0 0 0 0 1596 0 0 0 0 0
0 0 912 0 0 0 0 0 0 0 0 0 0 1420 0 0 1625 0 0 1281 0 29 0 0 0 0 0 0 0 0 0 0 0 0 0 531 0 0 0 0 0 0 0 0 0 1835 0 0 0 948 0 0 0 0 0 653 0 0 0 0 0 0 0 0 0 0 0 0 0 0 0 0 0 0 0 0 0 0 0 0 652 0 0 0 0 0 0 0 0 0 0 0 0 0 0 1412 0 0 0 0
0 0 659 645 1859 0 0 978 0 0 0 0 0 0 0 0 0 918 1821 0 0 0 0 0 0 0 0 0 0 0 0 0 0 1895 0 0 0 0 0 0 0 0 0 0 0 0 0 0 0 0 0 0 0 0 0 0 0 0 0 0 0 0 0 0 0 0 0 0 0 0 1293 0 0 0 0 0 0 0 0 0 0 0 0 0 0 0 0 0 0 0 0 0 0 0 0 0 0 0 0 0
1187 0 0 0 0 0 0 0 0 0 0 0 0 0 0 0 0 0 0 0 0 1211 0 0 0 615 0 0 1969 0 1617 0 0 0 0 0 0 0 0 0 0 0 0 0 0 0 0 0 0 0 0 0 0 0 0 0 0 0 0 0 0 0 0 0 1079 0 0 0 0 0 1281 0 0 0 0 0 0 0 1035 0 0 0 0 0 0 0 0 0 0 0 0 0 0 0 0 0 0 0 0 0
0 0 0 0 0 0 0 0 0 0 0 41 988 0 0 516 0 0 0 0 0 0 0 0 0 0 0 0 0 0 0 0 0 0 0 0 0 0 0 0 0 0 0 0 0 0 0 0 0 0 0 0 0 0 0 17 0 0 0 0 0 0 0 0 1349 0 0 0 0 0 0 0 0 0 0 0 0 0 0 0 0 0 0 368 0 0 0 0 0 0 0 0 0 0 0 0 0 0 0 0
0 0 0 0 966 0 0 0 0 0 0 0 0 0 0 0 0 0 0 0 0 0 0 0 0 577 0 1982 0 0 0 0 0 0 0 1444 0 0 0 0 946 0 790 0 0 0 0 0 0 0 0 0 0 0 0 0 0 0 0 0 0 0 0 0 0 0 0 0 0 0 0 0 0 0 0 0 0 0 0 0 0 0 0 0 0 0 0 0 869 0 0 0 0 0 0 0 0 0 42 1397
0 0 0 0 0 0 0 0 0 0 0 0 0 0 0 0 0 859 0 0 0 0 571 1380 0 0 0 0 0 0 0 0 0 0 0 0 122 0 0 0 0 0 0 0 0 1566 499 0 0 0 0 0 0 0 0 0 0 0 0 0 0 0 0 0 1912 0 0 0 0 0 0 0 940 0 1574 0 0 0 0 0 0 0 0 0 0 0 0 0 0 0 0 0 0 0 889 71 0 0 0 0
219 0 0 0 0 0 0 0 0 0 0 0 0 0 0 0 0 0 0 0 0 0 0 0 0 0 0 0 0 0 0 0 0 0 0 0 0 0 0 1511 0 0 0 0 0 734 0 0 0 0 0 0 0 0 0 0 0 0 0 0 0 1111 1032 0 0 0 0 0 0 0 0 0 0 0 0 0 0 0 0 0 0 0 0 0 0 0 0 0 0 1939 0 0 0 0 0 0 0 0 0 0
0 360 0 0 0 0 0 0 0 0 0 0 0 0 0 0 0 0 0 0 0 0 0 0 0 0 0 0 0 0 0 0 512 0 0 11 0 0 0 0 0 0 0 0 0 0 0 0 0 0 0 0 0 0 0 0 0 0 0 0 278 0 0 0 0 1921 0 0 0 0 0 0 0 0 0 0 0 0 0 0 1883 415 0 0 0 0 0 298 0 0 0 0 0 0 0 0 0 0 0 0
0 0 0 800 0 2046 0 0 0 0 0 0 1717 0 0 0 0 0 0 0 0 1074 0 0 1854 0 0 0 0 0 0 0 0 0 0 0 0 0 0 0 0 0 0 0 0 0 0 0 335 1454 0 0 0 355 0 0 0 0 0 0 0 0 0 0 0 0 0 0 0 0 0 0 0 0 0 0 0 0 0 0 0 0 0 0 0 0 1386 0 1531 0 0 0 0 0 0 0 0 0 0 0
0 0 0 0 0 538 0 230 0 0 0 0 0 0 0 0 0 0 0 0 0 0 0 0 0 0 0 0 0 0 0 0 0 0 0 0 0 0 0 0 0 0 0 0 0 0 0 0 0 0 0 0 0 976 0 0 0 0 0 448 0 0 0 0 0 0 0 0 0 0 0 0 0 0 0 508 0 0 0 0 0 0 214 0 0 0 0 0 0 0 0 0 0 0 0 0 0 0 0 2024
1993 0 0 1642 0 0 1980 0 0 0 1955 0 0 0 0 0 0 0 0 0 0 0 0 0 0 0 0 0 279 0 0 396 0 0 294 2008 0 0 0 0 0 0 0 0 0 0 0 0 0 0 0 0 0 0 0 1810 0 0 0 0 0 0 0 0 0 0 0 0 0 0 0 0 0 0 0 0 0 0 0 0 0 0 0 0 0 0 0 0 0 0 0 1343 0 0 0 0 0 0 0 213
0 0 0 0 0 0 0 0 0 0 0 0 0 0 0 0 0 0 1886 0 0 0 0 0 0 0 0 0 0 0 596 0 0 0 0 0 0 0 0 0 0 0 0 0 0 0 0 0 0 0 0 0 0 768 0 0 0 0 0 0 0 0 0 0 0 0 0 0 0 0 1107 0 0 1096 0 0 0 0 0 0 0 0 123 0 0 0 100 0 0 0 425 0 0 0 0 0 0 0 0 0
0 0 0 0 0 0 0 0 0 0 0 0 0 0 0 0 0 0 367 0 0 0 0 0 0 0 0 0 0 1377 0 0 1725 0 1590 0 0 0 0 0 0 0 0 0 0 566 1247 0 0 946 0 0 0 0 0 0 0 0 0 0 0 0 0 0 0 0 0 366 0 0 0 0 0 0 0 0 0 0 0 0 0 0 0 0 1948 0 0 0 0 0 0 0 0 0 0 0 0 0 0 0
0 0 0 0 0 0 1345 0 0 0 0 0 0 0 0 0 0 1869 1857 0 0 0 0 0 0 0 0 0 0 0 0 0 0 0 0 0 0 0 0 0 0 0 0 0 0 0 0 0 0 0 0 1474 734 0 0 0 0 0 0 0 0 0 0 0 1973 0 0 0 865 292 0 0 1809 0 0 0 0 0 0 0 0 0 0 370 0 0 0 0 0 0 0 0 0 1267 0 0 0 0 0 0
0 0 0 0 0 0 0 2030 0 0 0 0 0 0 0 0 1715 0 0 0 0 0 0 0 0 0 0 0 0 0 0 0 0 0 0 0 0 0 0 0 0 0 0 0 0 0 1501 0 0 0 0 0 0 0 0 0 0 0 0 0 0 0 0 0 0 0 1670 0 0 0 0 0 0 0 0 0 0 1388 0 0 0 0 0 0 0 0 0 0 263 0 0 0 0 1124 0 0 0 1278 0 0
0 0 934 0 0 0 0 0 0 0 0 0 0 374 0 277 0 0 0 1382 0 0 0 0 0 1336 145 0 0 0 0 0 0 1869 0 0 0 0 0 0 0 0 0 0 1575 0 0 0 0 0 0 0 0 0 0 0 0 0 250 0 0 0 0 0 0 0 0 0 0 0 616 0 0 0 0 0 0 0 0 0 0 0 0 0 0 0 0 0 0 0 0 1350 0 0 0 0 0 0 0 0
0 0 1615 0 0 0 0 0 0 0 0 0 0 0 0 0 0 0 0 0 0 0 0 0 0 0 0 0 0 38 0 0 0 1025 0 0 0 0 0 0 0 0 735 0 242 0 0 1276 0 0 0 0 0 0 0 0 0 0 0 1843 0 0 0 367 0 0 0 0 0 0 403 0 0 0 0 0 0 0 0 0 0 0 0 0 0 0 0 0 0 0 0 0 0 0 0 0 0 0 1086 0
0 0 0 0 0 0 0 0 0 0 0 326 0 0 0 0 0 0 183 0 0 0 0 0 0 0 0 0 0 0 0 0 0 0 0 0 0 0 0 0 1488 0 0 0 0 1404 0 0 0 0 0 0 0 0 0 0 0 0 0 0 0 0 0 0 0 0 0 1665 0 0 0 847 0 1310 1301 0 0 201 0 0 0 0 0 0 0 0 0 1491 0 0 0 0 0 0 0 0 0 0 0 1594
1580 1049 0 0 0 0 0 0 0 0 0 0 0 0 0 1673 0 0 0 0 0 0 0 0 0 0 0 0 0 0 0 0 0 0 0 0 0 0 0 0 0 762 0 0 0 0 0 0 0 0 0 0 0 0 0 0 1653 253 1646 0 0 0 0 0 0 0 0 0 0 0 0 0 0 976 0 0 0 0 0 0 93 1930 0 1381 0 0 0 0 0 0 0 1034 0 0 0 1927 0 0 0 0
0 0 0 0 0 0 0 613 0 1791 0 1081 0 1362 0 0 1712 0 0 0 0 0 0 0 0 0 0 0 0 0 27 0 0 0 0 0 0 0 0 0 0 0 0 0 0 0 1649 0 0 0 0 0 0 0 1626 0 0 0 0 0 180 0 0 0 0 0 377 0 0 0 0 0 0 0 0 0 1716 0 1949 0 1353 0 0 0 0 0 0 0 0 0 0 0 0 0 0 0 0 0 0 0
0 0 0 0 0 0 0 0 0 0 0 0 1274 0 0 0 0 0 0 0 0 0 0 0 0 0 0 0 0 0 0 0 0 0 0 0 0 0 121 0 0 0 0 0 0 0 0 0 0 0 0 0 50 0 0 0 0 0 0 0 0 0 0 0 188 0 0 435 0 0 0 1926 0 0 0 0 0 0 0 0 0 629 0 0 0 0 708 0 0 1158 0 0 2032 0 0 0 0 0 0 0
0 0 0 0 0 0 0 0 0 0 0 0 0 0 0 0 1739 0 0 0 0 0 0 65 0 0 67 0 0 0 0 0 0 0 0 0 1556 0 0 0 0 0 0 0 0 0 0 0 0 0 0 0 0 0 0 0 0 0 0 0 0 0 1246 0 0 0 0 0 0 1040 0 0 0 0 0 0 0 0 0 0 0 0 0 0 0 0 0 0 0 0 0 0 376 0 0 0 0 0 104 0
0 0 0 0 0 0 1616 0 0 0 1360 0 0 0 0 0 0 0 997 0 0 0 0 0 0 0 0 0 970 0 0 0 0 0 445 0 0 0 1940 0 0 0 0 0 0 0 0 0 0 0 0 0 0 0 0 0 0 680 0 0 1786 0 0 0 0 0 0 0 0 0 1139 0 0 0 0 0 0 0 0 0 0 1567 0 0 0 98 0 694 0 0 0 0 0 0 0 0 0 0 0 1265
0 2004 0 0 0 0 0 0 0 0 0 0 0 0 0 0 0 0 0 0 0 0 105 810 0 0 0 0 0 0 0 0 0 0 0 0 0 1854 0 0 0 0 850 1943 0 1852 0 0 0 0 318 0 0 0 0 0 0 0 0 0 0 0 0 0 0 0 0 0 0 0 0 0 0 0 94 0 0 0 0 0 1815 0 0 0 0 0 1856 0 0 0 25 0 0 0 0 0 0 0 0 0
0 0 1908 0 0 0 0 0 783 0 0 0 0 2025 0 0 0 0 0 617 0 0 0 2037 0 0 0 0 0 0 0 0 0 0 0 0 0 0 1372 0 0 0 0 0 0 0 0 0 0 0 123 0 0 0 0 0 0 0 0 0 0 2008 0 0 0 0 0 0 942 0 0 0 0 0 0 0 0 0 0 0 0 0 0 0 0 0 0 13 1213 0 0 545 0 0 1887 1957 0 0 1326 0
0 0 0 0 0 0 0 0 0 0 0 0 0 0 0 0 0 412 0 0 0 0 0 0 0 0 0 0 0 0 0 0 0 0 0 0 0 0 0 0 1229 0 0 0 0 0 0 0 0 0 0 0 0 0 0 0 0 1408 0 0 0 0 0 233 0 0 0 0 0 0 0 0 0 0 0 0 0 0 0 1969 0 1192 437 0 0 0 0 0 0 0 0 0 0 0 0 0 0 0 0 0
0 0 0 1099 0 0 0 0 140 0 0 0 0 0 0 0 0 581 0 0 0 1655 0 0 0 0 0 0 0 0 0 0 0 0 0 0 0 0 0 0 0 0 0 0 0 1364 0 0 0 0 0 0 0 0 0 0 0 0 0 1346 0 0 0 0 0 0 0 0 307 0 0 0 0 0 0 0 0 0 0 0 0 0 0 0 0 0 0 0 0 1300 400 0 1195 0 0 0 0 0 0 1087
1431 0 0 0 0 0 0 0 0 0 0 0 0 0 0 0 0 0 0 0 0 0 0 0 0 0 0 0 0 1424 0 0 0 0 1951 0 0 0 0 0 0 0 0 1569 0 0 0 1760 0 0 0 0 0 0 0 0 0 0 0 0 1530 0 0 0 0 0 0 0 0 0 0 0 0 0 0 0 0 0 0 0 158 0 0 1630 0 0 0 0 0 0 0 0 0 0 0 0 989 0 0 2018
0 0 0 0 0 0 0 0 0 0 0 0 0 0 0 1233 0 0 0 0 0 0 0 0 0 0 405 0 0 0 0 0 0 0 832 0 0 0 0 0 0 0 0 0 0 0 0 0 0 962 0 0 0 0 0 0 0 0 0 0 0 0 197 0 0 1335 0 0 0 0 0 0 316 0 0 0 0 0 0 0 0 0 0 0 0 0 0 0 0 0 1057 0 0 0 0 0 0 0 0 0
0 0 0 0 0 0 0 0 0 0 0 0 0 0 0 0 0 0 0 0 0 0 0 0 0 0 932 0 0 0 0 0 0 0 0 2046 0 0 0 0 0 0 0 0 0 0 0 0 0 0 0 0 0 0 0 607 0 0 0 0 0 0 0 587 0 0 0 0 0 0 0 0 0 0 1186 1907 0 0 0 0 0 0 0 0 1890 0 0 0 0 0 1620 0 1702 0 0 0 0 956 1342 0
0 0 0 0 0 0 0 0 0 0 0 0 0 1240 0 0 0 0 0 0 0 13 0 0 0 0 0 0 1131 0 0 0 0 0 0 0 0 0 0 0 0 0 0 0 0 0 0 0 0 0 0 0 0 0 0 0 0 0 0 0 0 1167 0 0 0 0 0 0 0 0 0 0 0 0 0 0 0 0 0 0 1794 0 0 0 1699 0 0 0 0 0 1532 0 0 0 0 0 412 0 0 976
0 0 0 0 0 967 1381 0 0 0 0 0 1946 0 0 0 0 0 0 0 764 0 0 1917 1111 0 0 0 0 0 0 0 0 0 0 0 0 0 820 0 0 0 0 0 0 0 0 0 0 0 0 0 0 0 138 0 0 0 0 0 0 0 0 1289 0 0 0 0 0 0 0 0 0 0 0 0 0 0 0 0 0 0 0 0 0 0 0 0 0 0 939 0 134 0 0 0 0 0 0 0
0 0 0 0 0 0 0 0 0 0 0 0 0 0 0 265 0 0 0 0 0 0 0 1241 0 0 0 0 1873 0 0 0 993 0 0 0 0 0 0 0 0 334 0 0 0 0 0 1614 0 0 0 1361 0 0 0 0 0 0 0 0 0 0 0 0 0 0 0 0 1962 0 0 0 0 0 0 0 0 0 0 0 0 0 0 0 0 0 0 0 1595 0 0 0 0 167 0 0 0 0 0 0
0 0 1495 0 0 0 0 0 0 0 0 0 0 0 0 0 0 0 0 1426 0 0 0 0 1303 0 0 0 0 1693 1779 0 0 0 0 0 0 0 0 0 737 0 0 0 0 0 116 0 0 0 824 0 0 0 0 0 0 0 0 29 0 0 0 0 0 0 0 0 0 0 0 0 0 0 0 0 0 0 0 0 0 0 0 546 0 993 0 885 0 0 0 0 0 0 0 0 0 0 0 0
0 242 0 0 0 0 0 1363 0 0 0 0 0 0 0 0 0 0 0 0 0 0 0 0 0 0 0 1189 0 0 0 0 0 0 0 0 0 0 0 0 0 0 0 0 0 0 0 0 0 0 0 0 0 0 0 0 0 1491 0 0 1863 0 0 0 0 0 0 0 0 0 0 0 243 0 1607 0 0 0 0 0 0 0 920 0 0 0 0 0 0 0 0 0 0 0 0 0 0 0 0 587
0 0 0 0 0 0 0 71 0 0 0 0 0 0 0 0 0 0 0 550 0 0 0 0 0 1473 0 876 0 0 0 0 0 0 0 0 0 0 0 0 0 0 0 0 0 0 0 0 0 0 0 0 0 0 0 820 0 0 0 0 0 0 0 0 0 1224 0 0 0 0 0 0 0 0 0 0 0 0 0 0 0 1238 0 0 0 987 0 0 0 0 0 0 0 0 0 0 0 0 0 0
0 0 0 0 0 243 0 0 0 0 0 0 0 0 0 0 0 1628 0 0 0 0 0 0 0 0 0 0 0 0 0 0 0 0 0 0 0 0 0 0 0 0 0 0 0 0 0 0 0 0 0 0 0 0 0 0 0 1966 0 0 0 0 710 0 969 0 0 1050 0 0 0 0 0 0 1421 0 0 0 0 0 0 1440 0 0 0 0 0 0 0 0 0 0 0 0 0 0 0 0 0 0
456 0 0 0 0 0 0 1413 0 1004 0 0 0 0 0 0 0 0 0 0 0 0 0 0 0 0 0 0 0 0 0 0 0 0 0 0 677 0 0 0 0 0 0 0 0 0 0 0 0 0 0 0 0 0 0 0 0 0 0 0 0 0 0 0 0 0 0 0 0 0 0 0 0 0 0 731 0 0 0 0 0 0 0 0 0 0 0 0 0 0 0 0 0 0 0 0 0 2006 0 1242
0 0 0 0 0 756 0 0 0 0 0 1519 0 0 0 0 0 0 0 0 0 0 0 0 0 0 0 0 0 0 0 0 0 0 0 1489 0 1080 0 1949 0 0 0 0 0 0 0 0 0 0 0 0 0 0 208 267 0 0 0 0 0 0 0 0 0 0 0 0 0 0 0 0 0 1844 0 1498 0 0 0 0 0 0 1904 0 0 0 0 677 0 0 0 0 0 0 0 0 0 0 0 0
0 0 0 0 0 0 0 0 0 0 0 0 0 0 0 0 0 0 0 0 1236 0 1765 0 0 955 0 0 0 0 0 0 0 0 0 945 0 0 0 0 0 0 0 0 0 0 0 0 0 0 0 0 0 0 0 0 0 0 0 0 0 0 0 0 0 0 0 0 0 0 0 1139 0 0 0 1067 0 0 0 0 0 0 0 0 0 0 0 0 0 0 0 0 0 0 0 406 0 0 0 0
0 0 0 0 0 1143 0 0 0 0 0 0 0 0 0 0 0 0 1934 0 0 0 0 0 0 1884 0 0 1492 0 0 0 0 0 0 0 0 0 0 0 0 935 0 0 1306 0 0 0 0 0 0 402 0 881 0 0 0 0 0 0 0 0 449 0 0 0 0 0 0 0 0 0 2038 0 0 0 0 0 0 0 0 0 0 0 0 0 1974 0 0 0 464 0 0 0 0 520 0 0 0 0
0 0 0 1442 1266 0 0 0 0 0 0 0 0 0 0 0 0 490 0 0 0 0 0 0 0 0 0 0 1728 0 0 0 0 0 0 0 0 0 0 0 0 0 0 0 0 0 0 0 0 0 0 0 0 0 0 1288 0 0 0 0 0 0 927 0 0 0 0 0 0 0 0 0 0 0 0 0 0 0 105 0 0 0 0 0 0 0 0 0 0 0 1939 0 0 0 0 0 0 808 0 1506
0 0 0 0 0 0 0 0 0 0 202 0 0 0 0 0 0 0 0 20 1897 0 0 0 575 0 0 0 1051 0 293 0 0 0 0 0 0 0 0 0 0 0 0 0 0 0 0 0 0 0 0 0 0 456 0 0 0 0 0 0 0 0 0 0 0 0 1010 0 0 0 0 0 0 0 0 0 0 0 0 0 0 0 0 0 0 0 1662 567 0 0 0 0 0 0 0 0 0 0 1047 0
636 0 0 0 0 0 1580 0 0 0 0 0 0 0 0 0 0 0 0 0 0 0 0 0 0 0 0 0 0 0 0 0 0 0 0 0 0 0 1183 0 0 0 0 0 0 0 0 0 0 0 0 0 0 0 0 0 0 0 531 0 0 0 0 0 1778 0 0 0 0 0 0 0 78 0 0 0 0 0 0 0 0 0 0 0 0 0 0 0 0 0 0 0 0 0 0 0 0 0 0 0
0 0 0 0 0 0 0 0 0 856 0 0 0 0 0 0 0 0 0 1133 1269 0 0 0 0 0 0 0 1943 0 0 0 0 0 0 0 0 0 0 0 0 0 0 0 0 0 0 0 0 637 0 0 0 1854 0 0 0 0 0 0 0 0 0 0 0 0 0 0 0 0 0 0 0 0 0 0 0 0 0 0 0 0 0 0 0 923 0 657 1414 0 0 0 1629 0 0 0 0 0 0 0
0 0 0 0 0 0 0 0 0 0 0 0 0 0 1084 0 0 286 0 0 0 0 467 0 0 0 1531 0 0 0 0 0 0 0 0 0 0 0 0 0 0 0 0 0 0 0 0 0 0 0 0 0 0 0 0 0 0 1216 0 0 0 0 0 0 0 0 0 0 0 0 0 0 0 0 0 0 0 0 0 0 0 0 0 0 0 765 0 883 1794 0 1647 0 0 0 0 0 0 0 0 0
1709 0 0 0 0 0 0 0 0 0 0 0 0 1116 0 0 1411 900 0 0 0 0 0 0 0 0 0 0 0 0 0 915 0 0 0 0 0 0 1680 0 0 0 287 0 0 0 0 0 0 0 0 0 0 0 0 0 0 0 0 1114 0 308 0 0 0 565 0 0 0 0 0 0 0 0 0 0 0 0 0 0 0 0 0 0 0 781 0 0 0 0 0 0 0 0 0 0 0 0 0 0
0 0 0 0 0 0 0 0 1159 0 0 0 0 0 0 0 0 0 0 0 0 0 0 0 0 0 0 0 0 0 0 0 0 0 0 0 0 0 0 0 0 0 0 0 0 0 0 0 0 0 0 0 0 0 0 0 0 0 0 0 0 0 0 454 0 0 0 0 0 0 0 0 495 0 0 0 0 0 0 0 0 0 0 870 478 0 0 0 0 0 0 0 0 0 0 0 0 0 0 0
0 0 0 0 0 1392 0 0 1379 0 0 0 0 0 0 0 0 76 0 0 0 0 0 0 0 0 0 0 0 0 0 0 0 0 0 1635 301 0 1730 0 0 0 0 1598 0 0 0 0 0 0 0 0 0 0 0 0 0 0 0 0 0 0 0 0 0 0 0 0 0 0 0 0 0 0 0 0 0 0 0 0 0 0 830 0 0 0 0 0 0 0 0 0 0 0 0 0 0 0 0 228
