100
100
0 0 0 0 0 0 29540 0 0 0 0 0 0 0 0 0 17428 0 0 0 654 29703 0 16452 0 26624 0 0 0 0 0 32473 0 0 9851 0 0 0 0 0 0 4795 31476 4897 0 0 0 0 0 0 0 0 0 0 0 0 0 0 0 0 0 32226 0 0 0 0 0 0 18661 3840 0 0 0 0 0 0 0 0 0 0 0 0 0 0 0 10930 0 0 0 14324 0 0 0 0 10606 0 0 0 0 0
0 0 0 986 0 0 0 0 0 21120 0 0 0 0 0 0 0 0 0 0 0 0 0 16397 0 0 0 32425 0 21239 0 0 0 0 0 0 3023 0 0 0 0 0 0 0 0 0 0 0 9124 0 0 4699 0 0 0 0 0 0 0 0 0 0 0 25474 0 0 12043 0 0 0 0 0 3744 0 0 13618 606 16894 0 0 0 0 0 0 0 0 0 7197 0 11745 0 6440 0 0 0 0 0 0 0 0
0 13409 20282 0 0 0 0 0 0 0 0 39024 0 0 0 0 0 0 0 0 0 0 0 7117 0 0 0 0 0 0 0 0 0 0 0 0 0 0 16323 0 0 0 2853 0 0 0 0 0 0 32035 0 0 13396 0 0 28164 0 0 0 0 14344 0 24831 0 0 0 4764 0 0 1517 0 30751 0 0 0 0 48624 8938 0 0 0 0 0 31785 0 0 0 0 0 0 0 0 16133 0 0 0 0 0 0 26758
0 0 0 0 12106 0 0 0 0 0 0 0 0 3763 0 0 0 0 0 0 0 0 33865 0 26257 0 0 0 16629 0 0 0 0 0 32476 0 15037 0 0 0 8298 0 0 0 28150 25377 0 0 27462 0 11284 0 0 0 0 0 0 0 0 36095 0 31062 0 89 8429 0 0 0 0 943 0 0 3268 0 0 0 0 0 24559 21964 0 0 22097 0 0 0 0 0 9005 0 0 0 0 0 4641 12687 8581 7970 44918 0
0 0 0 0 0 0 0 0 0 0 0 0 0 0 0 0 5591 0 0 15823 9259 0 0 4458 0 0 0 0 0 0 0 0 0 0 0 0 0 0 0 20362 0 0 0 0 0 0 9632 0 0 29655 0 20890 0 6701 0 0 0 61954 0 0 0 0 30034 0 9618 0 0 0 14890 0 0 0 0 0 0 0 0 0 0 0 0 0 0 0 0 3016 0 0 0 0 0 0 0 0 0 0 23055 0 0 0
0 31916 1944 0 0 0 0 0 19447 0 0 12942 18744 0 17735 3897 16457 5624 30720 20199 0 0 0 0 0 0 0 0 19125 0 0 0 0 0 17643 0 0 0 0 0 0 12875 0 0 0 0 0 0 0 0 0 0 0 0 0 0 0 0 0 0 0 25728 0 0 0 0 0 0 0 23594 0 0 13609 0 0 0 0 0 0 0 0 31429 0 0 0 0 0 0 0 0 0 0 0 0 7249 0 2607 0 0 0
0 0 10528 0 0 19724 0 0 0 32695 9799 0 1225 0 0 25457 20791 0 0 0 30976 0 0 2281 0 0 0 0 0 0 0 0 0 1205 0 24821 0 0 0 0 0 0 0 0 4259 0 0 0 0 0 7422 0 0 0 12325 0 0 0 0 30657 0 0 0 17164 0 0 0 2819 0 0 0 0 11910 0 0 12369 22502 0 0 0 0 0 8438 32358 0 0 0 0 0 0 0 0 0 0 15194 0 0 0 35314 0
0 0 23684 0 0 2685 0 0 0 0 19171 0 0 0 0 0 0 0 12539 18411 0 0 0 0 0 31696 30732 0 0 0 15054 0 0 0 0 0 0 0 0 0 25306 0 0 0 0 0 0 0 23656 0 0 0 21566 0 0 0 23964 1006 0 0 0 16596 0 0 4040 17595 0 2347 0 0 0 0 0 0 0 0 0 28884 0 0 0 0 0 0 4880 27232 0 0 0 10934 20499 0 0 0 0 0 0 0 0 0
0 0 0 0 9338 0 8787 0 0 0 0 0 0 30511 0 0 0 0 0 0 0 0 0 0 0 0 0 0 0 0 0 0 28504 6445 13165 26146 0 0 0 0 0 0 15691 0 0 0 0 0 0 0 9751 0 0 20323 0 0 0 0 0 0 0 0 0 15024 0 0 0 0 42251 0 0 0 18401 0 0 0 0 0 0 0 0 0 0 28304 0 0 0 0 0 0 0 12349 0 0 0 0 0 0 0 0
0 0 16715 0 0 0 2978 0 0 0 0 0 3510 0 0 11607 0 0 0 0 2706 0 0 0 0 0 0 0 0 0 0 0 0 0 0 8579 19558 2556 0 0 0 24440 0 0 0 0 0 0 0 0 0 0 0 0 0 0 7696 0 0 0 0 0 0 0 0 0 0 0 1490 1367 0 0 0 29872 0 23559 0 0 0 0 0 0 0 12540 0 29411 9837 0 20976 0 0 0 28627 0 16858 0 0 7779 0 27317
23439 0 0 0 27913 0 28833 0 0 0 0 0 0 0 0 0 0 0 0 0 26823 0 26620 0 0 0 14884 0 0 0 0 0 0 0 0 0 0 0 0 28404 0 24719 0 0 0 0 0 0 0 0 3770 0 30876 0 0 5607 0 0 0 19346 0 5677 0 0 0 0 0 0 32305 0 0 0 0 14524 0 0 0 0 0 0 0 0 0 0 0 0 15854 0 0 0 0 15005 20947 0 0 0 0 0 0 0
0 0 0 0 0 0 0 0 0 0 0 0 14218 0 14402 0 0 0 0 0 0 0 3510 0 3022 0 0 0 0 0 27570 0 0 0 0 0 0 4437 0 0 0 0 0 0 2221 0 0 0 0 0 1386 0 0 0 0 0 0 0 0 12312 0 0 0 24209 0 5453 0 0 0 26918 0 0 0 29383 0 0 0 0 0 0 16234 0 0 0 0 25313 0 0 0 0 11963 0 0 0 0 0 0 0 0 0
13260 0 32703 0 0 0 0 0 0 23733 0 0 0 0 29914 0 0 0 0 25075 0 0 0 0 0 0 0 0 0 0 0 0 0 0 0 0 0 0 0 0 0 5519 251 0 0 0 0 0 0 1514 0 20466 13936 22466 0 0 0 0 0 0 0 10844 0 0 0 31478 0 0 0 28836 0 0 0 0 0 0 0 22259 0 19713 0 38843 17259 6018 0 0 0 0 0 14125 0 0 0 0 0 0 0 0 0 0
9631 29193 0 0 0 0 0 0 0 0 0 0 0 0 0 0 10970 23773 0 0 0 0 0 0 0 0 0 0 0 24147 0 6940 17251 0 0 0 0 0 0 0 0 0 0 979 15340 0 0 0 0 25893 0 0 0 0 14752 53467 0 0 0 0 0 0 0 0 0 59682 0 13835 32082 0 0 0 0 0 0 0 0 0 0 0 0 0 0 0 0 0 0 0 0 0 0 0 0 10029 0 0 0 16558 1500 0
0 0 0 0 0 0 0 0 0 0 0 0 0 0 0 0 0 0 0 0 23101 30630 0 0 26366 0 0 21008 0 5196 0 0 0 0 0 0 0 29988 0 0 14589 0 35333 9849 0 24248 0 0 23381 0 0 0 0 0 0 5954 0 0 0 0 0 0 0 0 0 0 15425 0 0 0 0 0 0 28277 0 0 0 0 0 0 0 0 0 0 16542 0 0 0 0 0 0 0 0 5816 0 0 0 271 0 0
0 13071 0 0 0 0 0 0 0 0 0 0 0 0 0 0 0 0 0 0 0 5981 0 0 72 3275 0 0 0 14471 0 0 0 0 36137 0 17607 0 0 0 0 0 0 0 0 24583 0 0 0 0 0 0 23932 0 0 0 0 0 0 0 0 0 18114 0 0 0 28168 0 0 0 0 0 21820 0 0 14912 14318 0 9384 0 0 7268 0 0 0 0 0 0 0 0 0 0 0 0 0 0 0 0 0 18071
0 0 0 0 0 12194 0 0 0 0 0 0 0 0 31364 0 16711 0 0 0 7216 0 0 0 17261 0 0 0 0 0 0 0 0 0 0 3643 0 0 0 30360 0 0 0 31692 0 0 0 0 0 0 0 0 0 3655 0 0 7913 0 8782 0 0 0 0 0 0 0 24898 0 9907 0 12279 0 0 0 0 21313 0 0 0 0 0 0 0 0 0 17025 3442 0 0 4906 0 0 0 0 0 0 4026 0 0 0
18274 3065 0 0 0 0 29213 27374 0 0 0 0 0 0 32309 0 30517 0 0 0 0 0 0 0 0 14559 0 0 0 0 0 0 0 0 0 0 0 22771 0 12518 29986 0 0 0 0 0 0 0 0 0 0 0 0 0 0 0 0 0 0 0 0 0 0 0 0 0 0 0 0 0 0 0 0 0 0 0 0 30507 29899 0 22458 0 0 0 0 0 0 0 0 0 0 0 31808 0 0 0 0 0 0 0
0 0 18847 0 0 0 0 0 0 0 0 0 0 0 0 22073 0 0 0 0 0 0 0 0 0 0 0 0 0 29964 0 0 0 0 0 0 21182 23264 30074 0 0 0 0 8630 0 0 23824 0 0 0 0 17007 0 0 0 0 0 0 0 0 26930 0 0 0 0 0 0 27566 0 0 0 0 0 0 0 8258 0 0 0 0 0 0 0 25924 0 0 18613 0 0 0 0 7434 0 31088 0 9941 0 0 0 0
0 20353 0 0 0 0 0 0 0 0 0 24603 0 25271 0 0 0 0 0 0 0 0 19318 0 3593 0 24614 0 0 7640 0 0 21303 0 0 0 0 22997 0 0 15247 0 0 0 0 0 0 0 0 0 0 32158 0 0 0 0 0 0 0 0 0 0 0 12335 0 0 0 0 0 0 0 0 0 0 0 0 26752 0 0 0 0 0 0 0 5874 0 28143 0 0 0 0 7596 0 0 0 0 23772 0 6973 0
0 0 0 0 0 0 0 0 0 0 0 0 0 0 0 0 0 19830 0 0 0 0 0 27476 0 0 0 0 0 15053 0 0 1249 0 21348 0 0 0 0 0 0 4673 0 0 0 0 0 4597 0 0 0 32038 0 0 18202 0 0 5467 0 0 0 0 0 0 0 0 28697 0 0 1495 25110 0 0 0 0 0 0 0 0 30957 0 0 21441 0 0 0 0 0 0 0 0 0 0 0 32009 31350 0 0 0 0
0 0 0 12426 0 0 0 0 0 0 2106 0 19915 0 0 0 19108 0 0 0 0 27954 0 0 0 0 0 11336 0 0 0 0 0 0 0 9359 0 0 0 0 12262 0 0 0 5242 0 0 16766 0 0 0 19278 0 0 0 0 0 0 22210 0 0 0 0 0 0 336 0 1101 22216 2168 0 0 0 0 0 0 0 0 0 0 0 0 0 0 0 0 0 0 0 11321 0 4085 0 0 0 0 0 0 0 2907
0 0 0 5392 0 0 0 0 3388 0 0 0 0 0 0 0 0 0 8074 0 0 0 41377 0 0 31123 0 0 20147 8364 0 0 0 0 19632 24664 0 0 0 0 0 0 12121 11969 0 29280 3437 0 0 10374 0 0 25830 0 0 0 14918 0 0 0 0 0 0 0 0 0 2451 0 0 0 0 3812 0 0 0 0 0 32684 0 1204 0 0 0 0 0 0 0 0 0 0 0 0 19536 0 0 0 0 0 0 0
22301 0 0 489 28771 30126 0 0 0 23187 22873 0 0 0 0 14684 0 0 0 0 0 0 0 16131 0 0 0 0 0 0 0 6939 0 0 0 0 29105 0 0 6739 12290 0 0 0 0 0 0 0 13714 0 32597 0 0 0 23671 0 0 0 0 0 0 0 0 0 0 24958 0 26065 0 0 0 0 28378 0 0 0 0 0 0 0 4211 21288 19207 0 0 0 0 0 0 0 0 0 0 0 0 0 0 0 0 0
0 0 0 0 0 0 0 0 0 0 0 20669 0 0 0 0 0 5653 0 0 0 0 0 0 16443 0 0 0 0 0 0 0 0 0 0 0 331 0 0 0 0 0 0 0 0 0 0 19903 0 0 0 0 0 0 6944 0 0 0 0 0 0 0 0 0 0 0 0 0 0 0 16512 0 15569 0 0 0 0 20024 0 0 0 0 0 0 0 0 0 0 0 0 0 0 0 0 0 0 0 0 0 4042
0 0 0 0 0 0 9263 0 29847 0 0 0 0 0 0 0 0 0 0 26378 0 0 0 4152 0 0 0 0 0 19761 17405 0 0 35255 28271 28241 0 0 0 0 0 0 0 0 0 0 0 0 0 8909 0 0 0 0 0 0 0 0 0 0 0 0 0 0 0 0 0 0 0 0 0 0 0 31212 0 0 0 0 0 5923 0 0 0 0 0 0 0 0 0 0 0 0 4148 0 0 0 20897 0 5073 14202
0 0 0 0 16289 0 0 0 0 0 0 0 0 0 0 0 0 0 0 0 0 0 0 0 0 12964 0 0 0 0 0 0 0 0 0 0 0 0 0 0 0 0 0 0 0 0 0 0 2482 0 0 0 0 0 0 0 0 0 6711 20082 0 0 0 0 0 0 0 0 0 0 0 0 0 0 0 0 0 0 0 0 19992 0 0 0 0 0 17703 0 600 20919 0 0 0 0 28748 0 0 0 0 0
0 0 27192 0 29747 0 0 15741 0 0 15106 12202 0 0 39899 0 0 0 0 0 22719 28605 0 0 0 0 0 19151 6081 0 0 0 0 0 0 0 0 0 0 0 25489 0 0 0 0 0 0 0 0 0 0 11849 0 0 0 0 21086 0 0 0 0 0 0 0 0 15394 0 0 0 0 0 0 0 0 0 0 0 10251 0 15191 0 0 17580 0 0 0 22661 0 0 0 0 0 0 0 0 0 0 0 7686 0
0 0 0 0 8673 0 0 0 0 0 0 0 0 0 0 0 0 0 0 0 0 0 0 0 23929 0 0 0 0 10375 32272 0 0 0 0 18858 0 0 0 0 0 0 0 0 27679 0 0 0 0 0 0 0 0 0 0 0 0 0 0 0 0 0 0 0 0 0 11657 14690 0 0 0 0 0 0 847 0 774 0 0 0 0 0 27445 0 0 0 0 0 0 0 14999 0 0 0 0 0 0 0 6044 0
0 0 0 0 0 0 0 0 797 0 0 0 0 13538 0 0 0 0 0 0 0 0 0 27767 0 0 0 0 0 0 25463 0 0 24914 0 0 816 0 0 0 0 0 0 0 0 0 0 0 0 0 0 18135 0 17056 0 0 0 0 0 0 0 9747 0 0 443 0 0 0 0 0 0 19985 0 0 0 24031 0 0 0 0 0 0 25862 0 21834 0 0 0 19168 0 0 27279 0 0 25238 0 15137 0 0 0
0 0 0 0 0 0 0 0 0 0 0 0 0 0 0 0 0 0 0 0 334 0 0 0 0 0 0 0 0 0 0 0 30583 0 0 0 0 0 0 20874 32137 11724 29640 0 0 0 0 10173 11300 0 0 0 0 0 27651 17489 0 0 0 0 0 0 23055 7919 0 0 9186 4159 27610 0 0 0 0 0 0 0 0 0 0 17578 0 3180 0 0 0 0 0 0 0 0 0 16793 0 0 15139 0 0 8623 0 0
0 0 0 0 32313 0 0 0 24210 0 0 0 0 0 8558 0 0 0 0 0 0 0 0 19769 0 0 0 0 0 11057 0 0 0 0 6888 0 0 0 0 0 0 0 0 0 0 32284 0 16513 0 0 0 0 18494 0 0 0 0 0 0 0 0 0 0 0 0 0 0 0 0 0 0 29944 0 29903 0 0 0 0 0 0 0 0 26634 0 0 17792 0 0 0 0 0 0 21968 0 0 0 0 0 0 0
0 0 0 0 0 0 0 31297 0 0 0 9503 0 0 1803 22334 0 0 0 0 15215 0 25042 0 0 0 0 0 0 0 0 0 0 0 31800 0 0 0 0 0 0 0 0 0 0 0 0 0 15482 0 0 0 0 24316 0 0 0 0 0 0 0 0 17125 0 0 0 0 0 0 0 0 0 0 17002 0 0 0 0 0 0 0 0 0 0 0 0 0 0 0 31384 0 0 0 0 0 0 0 0 0 17155
0 0 3196 0 0 0 0 33532 0 0 0 0 21036 21703 0 0 0 6087 5417 0 0 27498 0 0 0 0 0 0 0 0 0 0 22905 0 0 0 0 0 0 0 8835 5994 0 0 0 0 0 0 30668 0 16823 0 0 0 0 0 0 12021 0 0 0 4595 24188 0 0 0 0 0 0 0 0 0 1554 0 0 0 22662 0 26638 25448 30950 0 0 23012 0 0 12300 0 0 0 0 0 4089 0 0 0 0 0 15673 0
0 0 0 0 0 0 0 11485 0 0 0 0 0 0 0 0 12374 0 975 0 0 0 0 0 0 0 24369 0 0 0 0 0 22778 0 0 0 0 0 0 23599 0 0 0 0 0 0 0 0 0 0 0 0 27323 0 25608 0 0 0 1941 0 0 0 0 0 0 0 0 0 0 0 0 0 0 0 46668 0 29451 0 3371 0 30649 0 0 0 0 0 0 0 0 0 0 0 0 0 0 0 0 0 0 0
0 0 0 0 0 0 0 0 0 0 13056 0 3866 0 0 0 22272 0 0 0 0 23215 0 0 0 0 0 0 0 0 0 0 0 0 0 8664 0 0 0 24977 0 0 0 0 0 0 30514 1762 0 0 0 997 0 0 8168 26529 0 0 19777 24739 0 0 0 0 0 0 0 0 0 31857 0 0 0 0 0 0 0 0 0 0 10687 0 0 0 0 24013 0 0 0 0 0 0 0 17695 0 6336 0 0 0 0
0 0 0 0 0 18934 0 0 0 0 0 0 24571 0 0 0 0 9959 0 0 0 0 0 0 0 0 0 0 0 3051 0 0 16999 18824 30613 0 18916 0 16544 0 2959 0 18813 0 0 0 0 0 0 0 0 0 0 3535 0 0 0 0 17975 0 0 0 0 0 0 0 0 0 0 0 0 0 49092 17938 0 0 0 0 0 0 8024 0 0 0 0 2080 19862 0 0 0 0 0 0 0 0 0 0 0 0 0
0 0 0 0 0 18548 0 0 0 0 18949 0 0 0 0 0 0 0 0 0 0 9419 0 0 0 0 0 0 0 0 863 0 51488 0 0 12528 0 0 0 0 0 0 16908 0 0 0 0 0 25400 0 0 0 0 22634 4398 0 0 0 0 0 0 0 0 0 0 0 0 0 0 0 0 0 16076 0 0 18431 0 29589 0 0 0 0 0 0 0 0 0 8328 0 28429 0 0 0 14882 0 0 0 0 0 5663
0 0 0 0 0 0 0 54399 0 19350 23481 0 0 3791 0 0 0 4970 0 0 0 0 0 10 0 0 0 0 0 0 27544 0 0 36741 18155 0 0 0 0 20509 0 0 0 0 3573 0 0 0 9473 0 0 0 0 0 0 0 17060 0 0 0 0 12374 0 12387 0 0 0 0 0 0 0 0 0 0 0 0 0 0 0 0 0 6938 0 0 0 0 0 0 0 0 0 0 0 0 0 0 0 0 0 0
0 0 0 0 0 0 0 0 0 0 44825 0 0 0 0 0 0 0 0 0 0 0 9492 0 0 0 0 0 0 0 15159 0 0 32034 0 0 0 0 0 0 0 0 0 0 31210 0 0 27862 0 27255 0 0 0 0 15578 24681 0 0 3277 0 0 0 0 0 0 0 0 0 0 0 0 0 965 0 11659 0 0 0 0 0 0 0 0 0 18753 0 0 0 0 0 0 29720 22785 0 0 6435 4656 0 0 0
0 20626 0 0 10304 0 8786 0 0 0 0 0 0 0 0 0 0 0 1743 0 0 0 0 0 0 0 0 0 0 0 29237 0 2132 0 0 0 0 0 41671 0 18712 0 0 0 0 14323 0 0 0 0 597 0 0 0 0 0 0 0 0 0 20790 20910 0 18304 0 0 0 0 0 0 20733 0 0 0 0 0 0 0 0 0 0 0 0 24656 0 0 0 0 1351 0 13851 2042 0 0 0 17601 0 0 0 22901
0 0 0 0 0 0 0 0 29252 0 0 0 25928 0 0 0 14828 0 0 0 15402 0 0 23747 0 0 0 0 0 0 0 0 0 0 0 19679 0 0 0 15390 32449 25145 0 27970 0 0 0 0 0 0 0 0 0 0 6494 0 0 0 0 0 0 0 0 0 0 0 0 0 0 0 0 0 986 0 0 0 0 0 0 0 0 0 0 26023 0 0 0 0 19849 0 0 0 0 0 0 0 0 0 0 0
0 0 0 0 0 0 0 0 0 0 0 0 0 0 0 0 0 0 0 0 0 0 0 0 0 0 0 0 0 0 0 0 0 0 0 0 0 0 0 0 0 0 0 0 0 0 0 18930 0 19505 0 0 15292 0 0 0 0 0 0 0 0 0 0 0 0 0 0 0 0 0 0 0 0 0 0 0 0 0 0 0 12430 0 0 0 0 0 0 0 0 0 0 0 0 0 0 0 0 0 0 0
0 0 0 0 0 0 16461 0 0 0 0 0 0 12987 35428 0 0 0 0 0 0 0 23066 0 17751 0 0 0 0 0 0 0 0 0 0 0 0 0 0 0 0 0 0 0 0 11509 0 0 0 0 0 0 0 12941 15300 0 0 0 0 0 0 0 0 0 0 0 0 0 0 14932 0 32686 0 0 15980 5995 0 35430 22117 0 0 0 0 0 0 0 0 0 0 0 0 0 0 0 0 0 9577 0 0 8796
33172 0 0 0 0 10283 0 0 0 0 0 30493 0 0 0 0 0 0 0 0 0 0 0 0 0 0 0 0 0 0 0 0 0 0 22678 0 0 0 0 0 0 0 0 0 18054 0 0 0 0 0 0 0 0 0 0 0 0 0 0 0 0 0 0 0 0 0 0 0 0 0 31868 0 0 0 0 0 0 0 0 0 0 0 0 0 21753 0 0 0 0 0 0 0 0 0 0 0 0 0 0 15092
0 0 0 0 0 0 0 20470 43521 0 0 10964 0 0 0 0 0 32027 0 0 0 21140 0 40829 0 21152 0 0 0 24744 0 0 0 0 0 0 0 0 0 1541 26880 0 0 0 0 0 0 0 0 29085 0 0 0 14979 0 21259 0 0 0 0 0 0 0 3052 0 0 0 0 0 14885 0 0 18972 11250 0 14222 0 0 0 11436 0 0 0 0 0 0 0 0 0 0 28359 0 0 0 0 0 0 0 0 0
0 0 0 0 11979 0 0 0 0 0 0 0 0 0 0 0 13057 0 0 27542 0 0 0 0 0 0 0 0 0 0 0 17401 0 0 0 21687 0 18843 0 0 0 0 0 0 1435 1960 6955 0 0 0 10549 0 0 0 0 0 0 31056 0 24897 0 0 0 0 18380 0 0 0 0 31796 338 0 0 0 0 0 0 0 0 7536 0 0 0 0 0 0 0 0 0 0 31303 0 0 30139 0 2135 0 0 0 12828
0 0 0 0 2661 0 0 0 0 0 0 0 0 0 16735 0 0 0 0 0 0 16677 0 0 25167 0 0 0 0 0 0 0 0 0 0 0 0 0 0 16979 0 0 0 0 13500 0 0 0 0 0 0 0 0 0 0 0 0 17105 0 0 0 0 0 0 0 0 0 0 28805 0 0 0 28179 0 0 0 0 0 0 0 9960 0 0 0 0 13512 26014 0 0 2879 0 0 0 0 0 0 0 0 0 0
0 0 0 0 0 0 0 0 0 0 0 23565 0 0 0 0 0 0 0 0 0 0 0 0 0 12756 0 0 0 0 0 15925 0 0 0 0 0 0 9202 0 51268 0 0 17655 0 0 0 16588 0 0 0 0 0 0 0 0 0 0 24768 0 0 0 0 0 0 0 0 0 26946 0 9931 0 0 0 32279 0 0 0 0 0 0 0 0 0 0 0 0 0 0 0 0 21295 0 0 0 0 0 0 0 0
0 0 0 0 0 0 0 0 0 0 0 0 0 0 0 0 0 0 0 0 0 0 0 0 0 15764 10678 0 0 0 0 0 19135 10313 0 0 0 0 0 0 0 0 29266 0 8675 0 0 0 0 25871 3563 0 18493 0 0 0 0 0 0 0 0 31838 0 0 0 0 0 0 11661 0 0 0 0 0 0 0 0 11137 21499 0 0 0 0 21741 0 31004 0 0 0 0 0 0 0 0 0 29302 0 0 0 0
12303 0 0 0 0 0 0 0 0 0 30783 27778 0 0 0 19282 0 0 0 0 0 0 0 0 0 21083 0 0 0 7680 0 0 1752 0 0 0 25585 0 27395 0 0 0 0 0 0 0 0 0 0 0 0 0 0 0 24547 18970 0 0 0 15456 0 5565 0 0 0 0 0 0 0 0 0 0 0 5291 0 0 23662 0 6179 0 0 0 0 0 0 0 0 0 0 0 0 0 0 0 0 0 0 0 0 0
0 0 0 0 25020 0 0 0 0 17310 0 0 22614 0 0 0 0 0 0 0 0 0 28688 0 0 25601 0 3394 0 0 0 0 0 0 0 0 29361 0 0 6339 19354 0 0 23508 0 0 0 32611 0 0 0 0 0 0 0 0 0 0 0 0 0 0 0 0 5815 15193 32757 0 0 0 0 6713 2281 0 5262 0 0 0 0 0 6660 0 22168 0 0 0 0 5068 25752 12598 0 0 0 0 0 0 0 0 0 0
0 0 0 0 0 0 0 0 0 0 0 0 0 25152 0 28977 0 0 0 30672 6371 0 8990 0 0 0 18068 0 27274 0 0 0 13264 0 0 0 0 0 0 0 0 0 0 24404 0 6109 0 0 0 0 11896 0 0 31413 0 0 12327 0 0 0 0 0 0 0 31802 0 0 0 24435 0 6844 0 0 0 0 0 0 0 0 0 0 0 0 0 0 0 0 0 0 0 0 0 0 0 0 0 5531 0 30038 0
0 0 0 0 0 0 0 0 0 0 0 0 14322 0 4797 0 23978 0 17314 0 0 0 0 0 22685 13981 0 0 12239 6966 0 13914 20861 5882 11796 0 0 0 13038 0 0 0 0 0 32174 9828 0 0 0 42981 0 0 0 0 0 0 0 0 0 11422 0 0 978 0 0 0 0 0 0 0 0 0 0 19572 3381 0 8491 0 0 0 0 4924 0 0 0 0 0 0 31758 0 0 0 0 0 0 0 0 0 15491 0
21684 0 10048 0 0 2788 0 0 0 0 0 22917 0 0 0 0 11314 0 24550 0 24269 0 0 0 0 18686 0 0 0 0 0 0 0 0 0 0 0 17765 0 35025 4838 0 0 0 0 0 2484 0 0 0 6947 20649 0 0 0 24914 31162 0 0 54793 13003 0 0 0 29932 0 0 0 0 0 0 12178 0 0 0 0 0 0 0 0 0 0 0 0 33967 0 0 0 16887 0 31379 25638 0 0 0 0 0 0 0 28826
0 4475 0 0 0 0 0 0 27578 0 0 24559 0 0 0 7813 0 0 0 0 20492 0 0 0 0 0 0 0 0 0 0 0 0 0 0 0 26236 0 12357 0 0 0 0 0 0 0 0 13794 0 17796 0 0 0 0 19626 0 0 0 0 27064 0 22069 0 0 0 0 0 0 0 0 0 22405 4914 0 0 0 0 27474 13333 0 0 10448 0 0 0 4550 0 0 0 0 0 0 0 0 0 2350 7828 0 0 0
0 0 0 0 0 0 0 0 0 0 0 28202 0 0 0 434 0 0 0 0 22682 0 0 0 0 0 0 28819 29464 0 0 0 0 0 0 0 0 17212 0 0 0 0 0 24261 0 0 0 5387 0 0 0 0 0 0 33024 0 0 32496 0 0 24042 0 0 15546 0 0 0 0 0 29639 0 0 0 0 0 0 2519 0 0 0 0 31249 0 0 0 0 0 0 8273 22836 0 0 0 0 0 0 0 0 31678 0
0 0 35681 0 0 31083 0 0 0 0 0 0 0 0 0 0 27746 0 0 0 0 0 0 0 0 0 0 0 0 30602 18276 0 0 0 12901 0 0 0 0 0 1460 0 1948 0 0 28787 0 0 0 0 0 0 0 0 0 0 0 0 30468 0 0 0 0 0 0 0 0 0 0 0 0 0 17089 0 0 0 22498 0 0 0 0 0 0 29139 0 0 0 16097 0 0 0 10769 0 0 0 0 0 0 0 0
0 0 4439 28858 0 0 4980 0 0 24145 0 0 30995 0 4828 0 18408 0 0 0 0 0 0 0 0 0 0 0 0 0 0 0 7053 0 0 0 0 0 0 0 0 0 0 0 0 0 0 0 9134 0 0 0 0 11083 47793 0 0 0 0 0 0 0 0 0 0 0 0 3887 0 0 0 0 10542 0 0 0 0 0 0 0 0 0 0 0 0 0 16904 0 0 0 0 0 0 21385 0 0 1701 0 0 0
0 0 0 0 0 0 6852 0 2127 0 16473 0 0 23416 0 0 0 7588 5200 34490 0 0 0 24650 0 0 0 0 0 0 808 9128 0 11547 8434 0 0 0 0 0 0 0 0 0 0 0 0 0 0 0 27444 11527 29834 0 0 1727 0 0 0 12844 28708 0 0 28102 0 4057 0 0 0 0 0 8157 0 0 0 30454 28572 18035 0 0 0 0 12010 0 0 0 0 0 0 10719 0 0 0 0 0 0 0 0 19829 0
0 0 0 0 0 0 0 0 0 0 1538 0 0 0 0 0 0 0 0 0 0 0 12746 26978 22364 0 0 0 0 0 8133 0 0 0 5196 0 0 0 0 0 3308 0 0 0 0 18239 0 0 29359 32713 0 0 17029 0 0 0 27230 24462 0 0 0 0 0 0 0 20584 0 0 0 0 0 0 0 0 0 0 8839 7607 0 0 11335 0 0 0 0 0 0 17735 0 0 0 0 0 0 0 16087 9761 0 0 0
0 0 0 21783 0 0 0 15192 0 9035 0 0 0 0 0 0 0 0 0 0 22498 0 1703 0 0 25572 0 0 0 0 0 0 0 0 0 7596 0 13986 0 0 0 13805 0 0 0 0 0 0 0 0 13622 15518 15865 0 0 15760 32457 0 0 0 0 0 0 0 0 0 0 0 0 0 0 0 0 0 32499 13212 0 0 0 0 0 0 0 0 0 0 24398 0 10330 0 0 0 0 0 10378 0 0 0 0 0
9614 0 0 1061 0 0 0 0 19698 0 0 0 0 0 0 0 4217 590 0 0 0 0 0 0 0 0 14988 0 0 0 0 10395 0 0 0 0 0 13727 0 0 0 0 0 0 0 0 0 0 0 0 0 0 0 0 0 0 0 13035 0 0 0 18846 0 24680 0 0 0 0 0 0 0 0 0 0 0 0 0 0 5855 0 0 5612 0 0 0 0 0 0 0 28449 31987 0 0 0 0 0 34556 0 0 0
0 0 0 0 0 0 0 0 0 13934 0 0 0 12874 0 0 0 0 0 26980 0 0 0 0 0 0 0 0 0 0 0 0 0 12926 0 0 0 0 0 0 0 13463 16605 0 16934 0 0 17871 0 0 0 0 0 30332 0 0 0 0 12735 0 0 0 0 0 0 0 0 0 0 0 0 0 0 0 24741 0 0 0 0 0 0 0 7525 0 30497 17203 0 0 0 0 0 0 0 29469 0 0 0 6404 27991 0
0 0 0 0 0 0 0 0 0 0 0 0 0 3476 17170 0 0 0 0 0 0 0 0 0 28698 22264 0 3785 0 0 2328 0 0 0 0 0 0 0 0 0 0 23474 0 0 0 0 0 0 0 0 0 0 0 0 0 18051 0 29654 0 0 0 0 0 0 0 0 0 0 0 0 0 0 0 0 0 0 0 0 0 0 0 0 0 22353 0 0 23190 13688 0 9204 0 0 0 0 17980 0 0 0 0 0
0 12774 0 21641 0 0 0 16546 0 0 3313 0 0 0 0 0 1177 0 0 0 0 0 0 0 0 0 26987 0 0 0 0 0 0 0 0 0 0 0 0 0 20926 0 0 11821 0 0 15446 0 0 0 0 2379 0 0 7144 0 0 0 0 0 13122 0 0 0 0 30541 0 0 0 2081 0 0 0 26185 0 0 0 0 0 0 10787 0 0 0 6780 0 0 0 0 0 0 0 0 0 28777 0 0 4618 0 0
0 0 0 0 0 28843 0 0 0 0 24792 0 0 0 0 0 0 0 0 0 0 16061 0 0 0 0 0 0 0 0 0 0 9022 0 0 0 0 0 1248 0 0 14536 0 0 0 0 12736 0 0 0 0 0 0 0 0 0 0 0 0 3437 0 0 0 0 0 0 0 4954 0 0 0 0 0 0 0 0 0 0 0 0 0 0 0 0 1903 0 0 0 31597 0 0 0 0 16095 18227 9883 0 0 0 0
0 0 0 0 0 0 3616 0 0 0 0 0 0 0 0 0 21060 0 0 0 0 0 0 0 0 0 30998 0 0 0 0 0 0 0 0 0 0 0 0 0 0 0 0 0 0 22307 0 0 0 0 0 27603 0 0 0 0 0 0 0 0 0 0 14270 0 0 0 0 8240 0 0 20096 18876 0 0 0 15930 0 0 0 0 0 0 22542 0 0 0 0 0 0 0 0 0 0 0 0 8163 0 0 2713 0
0 0 0 0 0 0 0 0 0 8902 0 0 0 0 0 0 364 0 0 0 0 0 16891 0 0 0 0 0 0 0 0 32946 0 0 0 0 9699 0 0 0 0 0 0 14919 0 0 0 0 0 0 0 0 0 7949 0 0 0 0 5478 0 0 0 0 0 0 0 0 799 0 0 32645 0 0 0 0 0 0 0 17160 0 0 0 0 0 0 0 0 0 8387 48639 0 30826 0 0 10857 0 0 0 0 0
0 0 7785 0 0 0 0 0 0 0 0 496 45469 31904 0 0 0 0 0 0 0 23421 4608 0 0 0 6723 0 2944 0 0 19123 0 6976 0 0 0 0 0 0 0 0 21543 0 0 0 0 0 0 28775 0 0 0 0 0 26823 20128 0 0 0 0 29786 0 4537 0 0 0 949 0 0 0 0 0 0 0 9366 0 0 31345 15094 0 0 0 0 0 0 0 0 0 0 3134 0 0 0 0 0 0 16103 0 0
0 0 0 0 0 9847 0 0 0 3256 0 0 0 0 0 0 0 16868 0 30131 0 0 0 19384 0 0 11800 12025 0 0 0 0 0 0 0 0 0 0 0 0 10045 0 0 0 5913 0 0 0 0 20110 0 0 0 0 0 27429 0 0 0 0 0 0 0 0 0 6275 0 0 0 0 0 0 0 0 30137 0 0 0 1096 0 0 0 0 0 0 0 0 0 0 0 0 0 0 0 3368 0 25202 0 0 0
12111 0 0 0 0 31961 0 28245 0 0 0 0 0 0 0 0 0 0 0 30371 29956 30891 10982 0 0 0 0 32231 0 0 15413 14608 0 0 0 0 0 0 25053 0 0 0 0 0 0 0 0 0 0 0 0 0 0 0 0 0 0 0 0 0 0 0 0 3682 0 0 0 0 0 0 0 0 0 0 0 0 0 0 0 0 0 0 16639 0 0 16653 0 0 0 9009 0 0 20755 0 19447 24423 0 0 0 0
32376 0 4396 0 0 7430 0 0 0 5351 0 0 0 0 0 0 0 0 0 2938 0 0 0 0 0 16037 0 0 0 18098 32688 23147 6929 35498 0 0 0 0 25803 0 0 0 7223 0 0 0 3802 0 0 0 0 0 0 0 0 0 0 0 0 0 0 0 0 0 0 0 9189 0 0 28788 0 0 1652 27481 0 0 0 0 0 0 0 0 0 22122 10277 0 0 22310 0 0 0 0 0 0 0 0 0 2380 0 0
0 0 0 24026 10604 14738 22418 0 0 0 0 7963 0 0 0 0 21062 0 0 0 0 11421 0 0 0 0 0 0 15339 0 0 0 0 0 0 0 0 0 0 0 0 0 0 0 10635 0 0 0 0 0 4504 0 0 0 0 0 0 0 0 0 0 31123 0 0 0 0 0 0 0 0 0 0 0 0 16699 0 0 0 0 0 0 0 30265 0 0 0 24001 0 0 0 0 0 0 15592 0 0 0 0 0 31962
0 0 0 0 0 0 0 0 0 0 0 0 18185 0 0 0 0 0 0 0 0 0 0 0 0 0 0 0 0 0 0 0 0 24696 0 0 0 3473 0 0 0 19070 22802 30697 0 4056 0 25275 0 0 26279 0 0 57545 0 0 32205 0 0 0 0 25649 0 0 0 0 0 0 11109 0 0 0 0 0 0 0 0 0 4989 0 0 23918 0 0 0 0 0 14389 0 0 0 0 0 0 0 0 0 0 0 0
2954 0 0 0 2417 0 0 0 0 0 0 0 0 0 0 0 0 0 0 0 0 0 5297 0 0 0 0 29716 0 0 0 0 1379 0 0 30360 0 0 13488 30614 0 0 0 0 25978 0 0 0 0 0 12576 0 0 30368 0 0 0 0 0 18954 0 29621 0 0 0 0 0 0 0 0 7628 21203 24468 16011 0 0 0 0 0 0 0 20646 0 0 3280 0 0 0 0 0 0 0 0 0 0 0 0 0 0 0
21459 0 0 0 0 0 0 1075 0 0 7325 0 0 0 0 0 0 0 27836 0 7913 0 0 0 0 27085 0 0 0 21395 0 0 0 0 0 0 8509 30541 0 0 0 0 0 0 0 0 0 0 0 0 0 0 0 0 0 0 28887 0 0 12993 7222 0 0 0 0 0 0 0 17152 0 0 757 0 0 0 0 0 9023 10160 0 0 0 0 12609 0 0 0 0 0 13856 0 0 0 0 0 0 0 0 0 0
9545 0 0 0 0 19199 0 0 0 0 0 0 0 0 0 0 0 0 6021 9616 0 0 0 0 0 0 0 29195 0 0 0 0 10240 0 11374 13144 0 0 48985 0 13615 0 20083 0 0 6633 21932 0 0 0 0 0 0 11505 0 0 0 0 16764 0 3449 0 0 0 30570 0 54333 0 0 0 0 0 0 0 0 0 0 0 4664 0 0 0 19087 0 0 0 0 0 0 27220 4524 0 0 0 32229 0 0 0 0 0
0 0 0 0 0 0 0 0 0 0 0 0 0 0 0 0 0 0 0 0 0 0 0 0 0 0 0 0 0 0 0 0 0 0 0 0 0 30231 0 0 0 32631 0 0 0 0 0 0 22122 0 0 3077 0 0 0 0 0 0 0 0 20750 0 3003 0 0 0 0 13644 0 22828 0 0 0 0 0 0 3035 0 0 31271 0 0 6029 0 0 0 0 0 0 0 0 0 0 0 0 0 0 0 0 0
0 30766 0 6741 26312 0 0 0 0 0 0 0 0 22397 0 22191 2849 1328 0 24369 21103 0 0 0 0 0 0 0 0 0 0 14472 0 11677 0 0 0 0 8410 16016 0 0 0 0 0 0 25759 0 0 0 0 0 0 0 0 0 0 0 0 0 0 0 0 0 0 0 0 0 0 0 0 0 0 15371 0 1120 0 19873 0 14417 0 0 0 0 13946 0 0 0 0 0 11283 0 0 0 0 0 0 30099 0 0
0 0 0 0 0 0 0 0 0 16296 0 0 0 0 1923 0 0 0 0 0 0 0 0 0 0 0 28591 0 0 0 0 0 0 0 0 0 0 0 0 0 0 0 27355 4923 0 0 23907 0 17694 18214 0 0 0 0 0 0 0 0 0 0 0 0 0 0 0 16302 0 0 0 0 0 0 0 0 0 0 0 32544 0 0 0 0 0 0 10971 0 0 0 0 0 0 0 0 0 0 0 0 17710 0 0
0 0 15809 0 0 0 4588 0 0 0 0 0 0 0 0 0 0 0 0 0 32747 0 0 0 0 0 0 0 0 0 0 18958 0 0 0 0 26247 0 0 9767 0 0 0 13752 0 0 0 0 0 0 13129 0 19095 0 1889 0 0 0 0 0 13998 0 0 0 29043 0 0 0 0 0 0 0 0 0 0 0 0 0 0 0 0 0 12221 0 3588 0 0 0 0 0 0 2623 0 0 0 10370 29198 0 0 0
0 26735 0 0 0 0 0 0 0 0 0 0 0 0 0 0 0 0 0 0 0 12365 0 18171 0 0 0 0 0 15089 24944 0 0 0 0 8851 0 0 0 0 0 0 0 0 11661 0 0 0 0 0 0 115 0 8995 0 210 0 0 0 28080 0 0 0 0 0 0 0 19398 0 0 0 0 0 0 0 0 15945 0 0 9252 0 0 0 0 0 0 0 1791 0 0 0 28463 0 27534 7435 0 0 0 0 22176
35908 19685 0 0 0 0 0 0 0 0 0 0 0 0 0 0 0 0 0 0 0 0 0 0 0 0 0 0 0 0 25088 0 0 0 0 0 0 43806 0 0 0 28082 0 0 0 0 0 0 0 0 0 0 0 0 0 0 16900 0 0 0 0 0 0 13232 0 0 0 24958 0 0 0 0 0 0 1745 0 0 0 0 0 0 0 0 0 0 0 0 1361 0 0 0 0 0 17153 0 13888 0 0 0 21481
0 0 4775 0 0 0 0 28549 0 24323 0 0 0 0 0 0 0 0 0 0 0 0 14375 0 0 0 0 0 0 0 31091 0 0 0 0 0 0 0 0 0 0 0 0 0 28110 0 0 0 577 0 29152 953 0 0 22375 0 0 7394 0 0 0 0 18415 0 0 0 0 0 0 0 0 0 0 0 0 0 0 0 14213 0 0 0 0 0 0 0 0 0 32135 18941 0 0 0 0 0 0 0 0 0 0
0 0 0 0 0 0 0 0 22953 0 0 0 0 7631 0 13359 0 0 0 12053 0 11391 0 0 0 0 0 14347 0 0 0 0 0 0 790 0 0 0 0 0 0 0 9840 0 0 0 27792 0 0 25617 0 0 0 0 0 0 0 0 0 15760 0 0 30794 0 1966 0 25592 0 0 0 10728 7198 0 0 0 0 0 0 0 0 0 0 0 0 13836 0 0 0 0 0 0 0 29019 0 0 0 0 29070 11776 0
31967 23487 2046 6785 0 0 20834 0 0 0 0 301 31899 0 0 0 0 0 0 0 0 0 0 0 0 0 3605 19910 0 0 22422 0 0 0 25807 31296 0 15961 0 0 0 0 0 0 0 0 0 0 18473 0 0 0 0 0 0 0 0 0 0 0 0 0 0 0 19599 5554 0 0 0 32577 31709 0 0 0 17898 0 0 0 0 0 0 0 0 0 0 18839 0 0 0 4374 0 0 0 1236 0 0 0 0 30892 28154
0 19197 0 0 0 0 0 0 0 0 12593 0 0 0 0 0 0 0 0 0 0 0 0 21575 40302 19687 0 0 0 0 0 0 0 0 0 0 0 0 8415 7348 32721 0 18687 0 10714 0 0 13478 0 0 13566 0 7132 0 20833 0 0 2275 0 16815 15601 0 0 0 0 0 31629 0 0 7821 2979 0 0 0 0 0 0 0 0 24469 0 32691 0 0 0 0 0 0 0 4747 0 0 0 0 0 0 0 0 0 0
0 0 0 0 0 0 0 16143 0 0 0 0 0 0 0 0 0 0 0 0 0 0 0 0 0 0 0 0 0 26292 0 0 17387 0 0 0 0 0 0 0 1914 0 0 0 0 23776 0 4741 0 29020 0 0 0 0 0 0 0 0 0 4274 7910 0 0 0 0 0 0 0 0 0 0 0 0 30863 0 0 13576 0 0 0 0 15963 0 0 0 0 0 0 0 0 0 20635 0 30014 0 0 0 5000 0 0
0 0 0 0 0 0 0 0 0 0 0 0 0 0 0 14455 14882 0 0 0 0 0 0 0 12654 0 0 0 0 16484 0 0 0 0 0 22358 0 0 0 0 0 0 0 0 0 0 0 0 0 0 0 4715 0 0 27032 0 0 0 0 0 0 27929 0 0 0 0 0 0 0 0 0 0 0 0 10410 0 0 27558 0 0 0 0 0 27736 0 0 0 0 0 0 0 21684 0 0 0 0 0 0 0 0
0 0 0 0 0 0 0 20778 0 0 0 0 0 0 801 0 0 0 0 0 0 0 0 0 0 0 0 0 0 0 0 0 0 0 0 0 0 0 0 19615 0 22594 18001 0 19412 28980 0 31609 0 13513 0 6045 0 15651 17410 0 0 0 0 0 0 0 0 0 0 0 0 0 0 0 0 24717 19843 0 0 0 3939 0 0 0 0 0 10896 0 0 0 0 30104 0 0 0 0 0 0 0 0 0 0 0 0
10164 0 0 0 16279 14415 0 0 0 0 0 0 0 0 0 0 0 0 0 8420 0 1229 0 0 0 0 0 16196 0 0 0 0 0 11856 0 0 0 12640 1188 0 0 0 0 0 0 22027 28171 0 14890 0 0 0 0 0 0 0 0 0 0 0 23892 0 17966 0 0 0 0 7751 0 0 0 20684 0 0 0 22197 0 0 0 0 0 0 10842 0 0 0 0 0 0 11789 0 0 0 0 0 0 0 0 0 0
0 28575 0 0 0 0 0 0 0 8453 0 0 0 0 0 0 18106 0 0 0 25461 0 432 0 32469 0 0 0 0 0 0 0 0 0 0 0 0 0 0 0 0 0 0 0 0 0 0 0 20097 0 0 0 0 0 0 0 0 16623 4243 0 0 0 0 0 0 0 5581 0 0 0 0 16473 0 0 0 0 0 0 30596 0 0 0 0 0 0 0 0 0 0 0 0 0 0 16348 0 0 0 0 10759 0
0 0 0 0 9690 24356 19509 27955 0 0 0 0 0 4694 0 0 0 0 0 0 0 0 0 0 0 0 44522 0 0 0 0 12407 0 0 0 0 0 0 0 0 0 16296 0 0 0 0 0 0 11731 0 0 0 0 0 0 13026 0 0 6710 0 0 0 10498 0 0 0 0 0 0 8234 0 0 0 0 0 0 0 9312 0 16318 0 0 0 0 18823 0 0 13257 0 0 0 0 0 0 0 0 0 22455 0 0
0 0 31704 0 0 0 0 0 4814 0 0 0 0 0 0 0 0 0 0 0 0 26407 0 13570 0 34007 0 8328 0 0 0 0 0 0 5 7055 25969 0 0 0 1545 0 14839 0 0 0 0 0 0 0 0 16470 21389 0 0 0 0 0 0 0 0 0 0 0 0 11606 0 0 0 26506 7101 2358 0 21548 10741 16216 15938 0 0 23583 0 0 0 0 0 0 0 0 0 0 0 0 0 0 0 10671 0 0 0 0
0 0 0 0 27343 0 18661 15073 0 0 29516 21388 0 0 0 3623 0 21954 0 0 0 21406 0 0 22445 0 0 7393 0 0 0 0 0 16780 0 8995 0 0 0 27529 0 0 0 0 0 0 0 28633 0 27874 0 0 0 0 0 0 0 0 0 0 17131 4597 0 0 0 31818 0 0 0 0 0 0 0 0 0 7385 0 0 0 0 0 0 0 0 0 0 0 0 29956 0 0 0 0 0 0 28806 0 0 8318 0
2200 26112 0 0 0 0 0 0 46865 0 0 0 0 0 20616 0 0 0 0 0 0 0 0 0 0 0 0 0 19659 26457 11987 0 0 0 0 8132 0 0 0 0 0 0 0 1681 0 0 20996 2498 0 0 0 0 10808 0 0 0 0 17851 0 0 0 0 15560 0 0 31045 4121 0 0 0 0 0 0 0 0 0 0 0 0 0 0 2130 0 0 0 0 0 0 0 0 0 0 0 0 8641 0 0 0 0 0
0 0 0 16118 0 0 0 0 0 0 78 0 0 0 0 20247 0 0 0 0 0 0 0 11370 0 0 0 0 0 5722 0 0 0 0 0 0 0 0 4833 0 24857 13680 0 0 0 0 0 0 0 0 40762 0 0 0 0 0 0 0 0 0 15725 0 0 0 12786 0 0 0 0 0 0 0 0 0 0 0 0 0 25583 0 0 0 0 0 0 0 0 0 20157 0 0 0 0 0 29171 0 0 0 0 0
6960 0 0 30349 0 0 0 0 0 0 0 7330 0 0 0 0 0 11608 0 0 0 0 0 26812 0 0 0 0 0 0 0 0 21406 0 0 0 0 11680 0 0 19408 0 0 0 0 0 0 0 0 0 0 0 0 0 0 0 0 2000 0 0 0 0 0 14691 0 0 0 0 20453 0 0 0 12576 0 0 0 0 150 0 0 0 0 0 0 0 29569 0 0 0 0 14134 0 0 0 0 0 0 0 0 0
4620 0 26992 0 0 0 0 0 0 0 0 0 0 0 0 28283 0 0 0 22694 0 0 0 0 0 0 0 0 0 0 29901 0 0 0 0 4157 30740 0 0 0 0 0 0 0 0 0 0 9312 0 0 0 0 0 0 0 0 0 0 14931 0 29885 0 0 0 0 0 0 0 0 18999 0 24871 0 18421 0 19307 0 0 32613 22509 22607 0 0 0 0 25472 0 6132 0 0 25599 10080 0 0 0 0 0 0 6053 0
