100
100
0 0 0 0 202 0 0 0 0 2049 0 0 799 0 0 0 0 0 0 0 0 430 0 0 0 0 0 0 0 0 0 73 0 0 0 0 0 0 0 0 0 0 0 0 0 0 0 0 0 0 0 0 0 0 815 0 0 0 1948 0 0 0 0 0 0 0 1057 0 101 0 0 771 0 0 0 0 0 0 0 0 0 1689 0 0 0 0 0 0 0 0 0 0 0 0 0 1438 0 0 0 0
0 0 183 0 0 0 0 0 0 0 0 856 0 0 636 0 0 0 0 0 0 0 0 0 0 0 0 0 0 0 0 0 0 0 0 0 0 0 0 1781 0 1150 0 0 0 0 0 0 0 0 0 0 0 0 0 0 0 298 1871 0 0 0 0 0 0 0 1906 0 0 0 0 0 0 0 0 0 0 1916 19 0 0 0 0 0 0 0 0 0 0 0 0 0 0 410 0 0 0 0 0 0
0 0 0 0 0 0 1899 0 438 893 0 0 0 0 0 0 0 1949 0 0 0 0 0 0 0 0 0 1082 0 1778 0 0 0 0 0 0 0 0 0 1878 308 0 0 0 1399 0 0 0 0 0 0 0 0 1810 0 0 325 0 0 0 0 0 0 0 0 0 0 0 0 0 1966 0 0 0 0 0 0 0 0 0 375 0 0 0 0 0 0 0 0 0 0 0 0 0 0 0 247 0 0 0
0 0 0 0 0 0 0 0 0 0 0 0 0 0 0 0 0 0 0 0 0 0 0 0 0 0 0 0 0 0 0 0 0 0 1771 0 0 0 0 0 0 0 0 0 0 0 0 0 0 0 0 0 0 0 0 0 0 0 0 0 0 417 0 0 0 0 0 0 0 0 0 0 0 0 0 0 0 0 0 0 0 0 0 2000 277 0 0 521 0 0 0 0 0 0 0 0 0 0 0 0
0 617 0 1355 0 0 0 0 0 0 0 0 0 0 0 0 0 0 0 0 0 0 0 0 0 0 0 0 1188 0 237 0 0 0 0 0 0 0 0 0 901 0 0 0 0 653 0 0 0 0 0 0 0 0 0 0 0 0 0 0 1294 160 0 1153 0 0 0 0 1031 559 0 0 0 0 0 0 0 0 0 0 0 0 0 0 0 1755 0 0 0 0 0 0 0 0 0 1044 0 0 0 0
0 0 0 0 0 0 0 0 0 0 0 207 0 0 0 0 33 0 0 0 0 0 0 0 1099 0 111 0 0 0 0 1892 0 0 0 0 0 0 0 0 0 0 0 0 0 0 1834 0 0 0 0 0 454 0 0 0 0 0 1025 0 0 0 0 0 0 0 0 0 0 0 0 0 0 0 0 0 0 0 0 1057 0 0 0 0 0 0 0 254 0 0 0 0 0 0 0 0 0 0 1326 0
0 0 0 0 0 0 1674 0 1594 0 0 0 1094 0 0 0 0 846 0 0 98 0 0 0 0 0 0 0 0 0 1975 0 0 0 0 425 0 0 0 0 0 0 0 1354 0 0 0 0 0 0 0 0 0 0 0 699 0 0 0 1082 94 0 0 110 0 0 0 0 0 0 0 0 0 0 0 0 0 0 0 0 0 1396 0 0 0 0 1263 0 0 0 1011 0 0 0 0 0 0 0 0 0
0 0 0 0 0 0 0 0 0 0 0 0 0 0 0 0 0 0 0 0 0 0 0 0 0 0 0 0 0 0 0 0 0 0 0 0 46 0 0 0 0 0 0 0 0 0 0 0 0 0 0 0 0 0 0 0 0 0 0 0 977 0 0 1113 0 0 0 0 0 0 180 0 0 0 0 0 0 0 0 0 0 1153 0 0 0 0 0 0 0 0 0 0 0 0 0 0 0 0 0 0
0 660 0 0 1335 0 0 0 0 0 0 0 0 256 0 0 0 0 0 0 0 0 0 0 0 0 0 0 0 0 0 0 0 0 0 0 0 0 0 0 0 0 0 0 0 0 0 0 0 0 0 0 0 0 0 0 0 0 0 0 0 0 0 0 0 0 0 0 0 0 0 0 0 0 695 906 0 0 0 1406 0 0 0 0 0 0 0 0 1137 0 0 0 0 0 0 0 0 0 0 0
0 0 0 0 0 0 0 0 0 0 0 0 0 0 0 0 0 1201 0 599 0 0 0 1818 0 0 0 1212 85 0 0 0 0 0 0 0 0 0 0 0 0 0 0 0 0 1721 0 0 0 0 0 0 0 0 0 0 0 0 0 0 0 0 0 0 0 0 0 0 0 0 0 0 0 449 0 0 0 0 0 0 0 0 0 0 0 1929 0 0 0 0 0 0 0 0 0 0 0 0 0 0
0 0 0 0 1779 0 0 0 0 0 0 0 0 0 224 0 0 0 489 0 0 0 0 0 0 946 0 0 0 0 0 0 0 0 0 0 0 0 0 0 0 0 0 0 0 0 0 0 0 0 0 1930 0 0 0 0 0 0 0 0 0 0 0 92 0 0 0 0 0 0 0 1469 0 0 0 0 0 0 0 0 1666 1735 0 0 0 0 0 0 0 0 0 0 0 0 0 0 0 0 0 0
1977 0 1032 0 0 0 0 0 0 0 0 0 0 0 0 0 0 0 0 0 0 0 0 0 0 0 1006 0 0 0 0 0 0 0 0 0 0 0 0 0 1145 0 0 0 0 0 0 0 0 0 0 0 0 0 0 0 0 0 0 0 0 0 0 0 0 0 0 0 0 947 0 0 0 0 0 0 0 0 0 0 536 0 0 0 0 0 0 0 0 0 0 0 0 0 0 0 0 0 0 1270
0 0 1399 0 0 0 0 0 0 0 0 0 0 0 0 0 0 0 0 0 0 0 0 0 0 0 0 518 0 0 0 0 0 0 0 0 0 0 0 0 0 0 193 0 868 0 0 0 0 0 0 0 0 0 0 0 0 0 0 0 0 0 0 0 0 0 0 0 0 0 0 0 0 0 0 0 0 0 0 0 0 0 0 0 0 0 0 676 0 0 0 0 0 0 0 0 0 0 0 0
0 0 0 0 0 0 0 1229 0 0 0 0 705 0 0 0 0 0 864 0 0 0 0 0 2002 0 0 0 0 0 1465 1487 0 0 0 1973 0 0 0 0 0 0 0 0 0 0 0 0 0 0 0 0 0 0 0 0 0 0 0 0 0 0 0 0 0 0 0 0 0 0 0 0 0 0 0 0 972 0 0 0 0 0 0 0 0 0 0 0 0 0 0 0 0 0 0 0 0 0 0 1432
0 1898 0 0 1318 0 0 0 0 0 0 0 0 0 0 0 0 0 0 0 0 0 0 0 0 0 357 0 0 0 0 0 0 0 0 0 1707 0 0 0 0 0 0 85 0 0 0 1972 0 0 0 0 0 0 0 0 0 0 0 1231 0 0 0 0 0 0 0 0 0 0 651 0 0 0 0 0 0 0 0 1794 221 0 0 213 0 0 321 0 0 0 0 0 0 0 1345 0 0 0 0 0
0 0 0 0 0 0 0 0 944 0 0 0 0 0 0 0 0 0 0 0 1275 0 0 0 0 0 0 0 0 0 0 0 0 0 0 0 0 0 0 0 0 0 0 0 0 0 1131 0 0 0 1700 1489 0 0 0 0 0 0 0 0 0 0 0 0 0 0 0 0 0 0 253 0 0 0 0 0 0 0 0 0 0 0 0 0 0 0 0 0 0 0 0 0 0 0 0 0 0 0 0 0
0 0 0 0 0 0 0 0 0 0 0 0 0 0 0 0 0 749 0 0 0 0 0 0 0 0 0 0 0 0 0 0 0 0 0 0 0 0 0 0 809 0 0 0 0 0 0 0 37 0 0 0 0 0 837 0 0 0 0 0 0 0 0 0 0 0 0 0 0 0 0 0 229 0 0 0 0 0 0 0 1595 0 0 0 0 0 0 0 0 0 0 0 875 0 0 0 0 0 0 0
0 0 0 0 0 0 0 0 0 0 0 0 1752 0 0 0 0 0 0 0 0 0 0 0 0 0 0 0 0 0 0 0 0 0 0 0 0 0 0 0 0 0 0 0 0 0 0 0 0 0 0 0 0 0 0 0 0 0 0 0 0 0 0 0 0 0 0 0 0 359 0 48 0 0 0 1908 0 1003 263 0 479 0 0 0 0 1152 0 0 0 0 0 0 0 0 0 2043 0 0 0 0
0 1101 0 275 0 0 0 0 0 831 0 0 0 0 0 0 0 0 0 1617 0 0 0 0 0 0 0 0 0 0 0 0 0 0 0 0 810 0 0 0 1053 0 0 0 0 0 0 0 0 0 0 0 0 0 0 0 0 0 0 0 0 277 0 0 1100 0 0 0 0 0 0 0 0 0 0 0 805 916 0 0 0 0 0 0 0 130 0 0 0 534 0 0 0 0 0 770 0 0 0 0
0 0 0 0 0 175 0 0 0 0 0 316 0 0 0 0 0 0 0 0 0 0 673 0 0 716 0 0 0 0 0 0 0 0 0 0 0 0 0 0 0 0 0 0 0 0 0 0 0 0 0 0 0 0 0 0 0 0 0 0 0 0 0 0 0 0 0 0 0 1122 0 0 0 0 0 1801 0 0 0 0 0 0 0 0 0 0 0 0 0 0 0 0 813 0 0 0 0 0 0 0
0 0 0 0 0 0 0 0 0 0 0 0 0 0 0 0 0 0 0 0 0 0 0 0 0 0 0 0 0 0 0 0 0 0 0 0 1421 0 0 0 0 0 0 0 0 0 0 0 0 0 0 437 0 0 0 0 0 0 0 0 0 0 0 0 0 0 0 0 0 0 0 0 448 0 0 0 0 0 0 0 0 0 0 0 0 0 0 0 0 0 0 0 533 0 0 1039 0 969 0 0
0 0 0 0 0 0 0 0 0 0 0 0 697 360 0 0 0 0 0 0 0 0 0 0 0 0 0 0 0 0 0 0 0 0 0 0 0 0 0 0 0 0 0 0 0 0 0 0 0 0 0 0 0 0 0 0 476 0 0 0 0 0 0 0 0 0 1715 0 0 0 0 0 0 0 0 0 0 0 0 0 0 1339 0 0 0 0 0 0 0 0 0 0 0 0 0 0 1562 0 0 0
0 0 0 19 0 668 1947 418 0 0 0 0 0 0 0 0 0 0 0 0 1899 0 0 0 0 0 0 0 0 0 0 0 0 0 0 0 0 342 0 0 0 0 0 0 0 0 0 0 0 0 188 0 0 0 0 0 1812 0 0 0 0 0 0 0 0 0 0 0 0 0 0 0 0 1177 0 0 0 0 0 0 622 0 0 0 0 0 0 0 0 0 0 0 0 0 0 0 0 0 0 0
0 0 0 0 0 864 0 0 0 230 0 0 0 0 0 0 0 0 0 0 0 0 0 0 0 0 0 0 0 0 0 0 0 0 0 0 0 0 0 0 0 0 0 0 0 0 0 0 0 0 0 0 0 0 0 0 0 0 0 1036 0 0 0 0 0 0 0 0 0 0 0 0 0 0 0 0 0 0 0 0 0 0 0 0 0 469 1945 0 0 0 0 0 0 0 0 0 0 0 0 951
0 0 0 0 752 0 1437 1048 0 0 0 0 585 0 0 0 0 0 0 0 0 0 0 0 0 0 0 0 0 0 0 0 0 0 0 0 0 0 0 0 0 0 0 0 0 0 0 0 0 0 0 0 0 0 0 838 0 1403 0 0 0 0 0 0 0 0 0 0 0 0 0 0 0 0 0 0 0 0 0 0 0 0 988 0 0 64 0 0 0 0 0 0 0 0 0 0 0 0 0 0
0 0 0 0 0 0 0 0 0 0 0 0 0 0 0 0 0 0 0 0 0 0 0 0 0 0 0 0 0 0 0 0 0 0 0 2025 0 0 0 0 0 0 0 0 0 0 0 0 0 0 0 1264 0 0 0 810 0 0 0 1799 0 0 0 0 0 0 928 1227 0 0 0 0 0 0 0 0 0 0 0 0 0 0 0 0 0 0 0 0 0 0 0 0 0 1931 0 0 0 0 0 0
0 0 0 0 0 0 0 0 0 0 0 0 0 370 0 0 0 0 0 0 0 0 0 0 0 0 0 0 0 0 0 0 0 0 0 0 0 0 0 0 0 0 0 0 0 0 0 0 0 0 0 0 0 0 0 0 0 0 0 0 0 0 0 0 0 0 0 0 0 0 0 0 0 0 0 0 913 0 0 0 0 0 0 0 0 1254 0 0 0 1924 0 0 0 0 0 0 0 0 0 0
0 0 0 0 0 0 0 0 0 0 0 0 0 0 0 0 0 0 0 0 0 0 0 0 0 228 0 1384 0 0 1600 0 0 0 1556 0 1542 0 0 0 0 277 0 0 1947 0 0 0 0 0 0 0 0 0 0 0 0 0 0 0 0 0 0 0 0 0 0 0 0 0 0 0 0 0 0 0 0 0 0 0 0 0 0 0 0 0 1613 0 18 0 0 395 0 0 0 0 0 0 0 0
0 0 1382 0 0 0 426 1894 0 0 0 0 0 0 290 0 0 0 0 0 0 0 234 0 0 0 0 0 0 1789 0 0 0 0 0 0 0 0 0 0 0 0 0 0 0 0 0 0 0 0 0 0 0 0 45 0 1466 0 0 0 0 0 321 0 0 0 0 0 0 0 0 2033 452 0 0 0 0 0 0 0 0 0 0 0 0 0 0 919 0 0 0 205 0 0 0 0 1379 0 0 0
0 0 0 0 0 0 0 0 727 0 0 0 0 0 115 0 0 0 0 0 0 0 0 0 0 0 0 0 118 0 0 0 0 0 0 0 0 0 0 0 0 0 0 0 0 0 0 0 0 0 0 0 0 0 0 0 0 965 0 0 0 0 0 1137 0 0 0 0 0 0 0 0 0 0 0 0 0 0 0 276 0 1918 0 0 1525 0 0 1928 0 0 0 0 0 0 0 0 0 0 1673 0
0 0 0 0 0 0 0 0 0 0 0 0 0 0 0 0 0 0 760 0 0 0 0 0 0 0 0 0 0 0 0 0 0 0 0 0 0 0 0 0 0 1961 0 0 0 0 0 0 0 0 0 0 0 0 0 0 0 0 0 0 0 1487 0 0 0 0 0 0 0 0 0 0 0 0 0 0 0 0 0 0 0 0 0 0 0 0 0 0 0 0 0 0 680 701 0 0 0 0 0 0
0 0 0 0 0 435 0 0 0 0 0 501 0 0 0 0 0 0 0 0 0 0 0 1662 0 0 0 0 0 0 0 0 0 0 0 0 0 0 0 0 0 0 0 0 0 0 0 0 0 0 0 0 0 0 0 0 0 0 0 0 0 0 0 0 0 0 0 0 0 0 0 0 0 55 0 0 0 0 0 0 0 0 0 0 0 0 0 0 0 0 0 0 0 0 0 0 0 0 0 0
0 0 0 0 0 0 0 0 0 0 0 0 0 0 0 0 0 0 0 0 0 0 0 0 0 0 0 0 0 0 0 0 0 318 0 0 0 0 0 0 1523 0 0 0 0 0 0 0 0 0 0 0 0 0 0 0 0 0 0 0 0 0 0 0 0 0 0 0 1937 0 0 0 0 0 0 0 1920 0 0 0 0 0 0 0 0 0 0 0 0 0 0 0 674 0 0 0 0 0 0 0
0 0 0 0 0 0 0 0 0 0 0 0 0 0 0 0 0 0 0 0 0 0 0 0 0 0 0 0 0 0 0 0 0 0 0 0 0 886 815 0 0 0 0 0 0 0 0 0 0 0 0 613 0 0 0 0 0 0 0 0 0 0 0 0 0 0 0 0 0 0 0 0 0 0 0 0 0 0 0 0 0 0 0 0 0 0 0 873 0 0 0 0 0 0 0 1097 0 0 0 161
0 0 0 0 0 0 0 0 0 1185 0 0 0 0 0 1342 0 0 0 0 0 0 0 0 0 0 0 0 0 0 0 0 0 0 0 0 0 0 0 0 0 0 0 810 0 0 0 0 0 0 0 0 0 0 0 0 0 0 0 0 0 1957 0 0 0 0 0 0 89 1757 0 0 0 1929 0 0 0 0 0 0 0 0 0 0 0 0 0 0 0 756 0 0 0 640 1531 0 1986 0 0 1900
1361 0 0 0 1986 0 0 0 0 0 0 0 0 0 0 1021 0 0 0 0 0 0 0 0 0 0 0 0 0 0 0 0 0 0 0 1483 0 0 0 0 0 0 0 0 0 0 0 0 0 0 0 0 0 0 0 0 0 0 0 0 0 0 0 807 0 0 0 504 0 0 0 0 0 0 0 0 0 0 0 0 0 0 0 0 0 0 0 0 0 462 0 0 0 0 0 0 0 0 0 0
2036 0 0 0 0 0 1860 0 0 0 0 0 0 0 0 0 0 0 0 0 0 0 6 0 0 0 0 0 0 0 0 0 0 0 0 0 0 0 0 0 0 0 0 0 0 0 0 0 0 0 0 0 0 0 1267 0 825 0 0 0 0 0 0 1441 0 0 0 0 0 0 0 0 0 0 0 0 0 0 0 0 0 0 0 0 0 0 0 0 0 0 0 256 0 588 0 457 0 0 0 0
0 0 695 0 0 0 0 0 0 0 0 0 0 0 0 0 1908 225 77 0 0 0 0 0 0 0 0 0 0 0 0 0 0 0 0 1799 0 0 0 0 0 0 0 0 0 0 0 0 0 0 0 0 0 1201 0 0 0 0 0 1367 0 0 0 0 0 0 0 0 1508 0 0 0 0 0 0 0 0 0 1691 0 0 0 0 0 0 0 0 0 0 0 0 0 0 0 0 0 1104 0 0 0
0 0 0 0 0 0 0 0 0 0 0 0 590 0 769 0 0 0 0 0 0 0 0 0 0 0 0 0 0 0 0 0 0 0 0 0 0 0 0 0 0 0 0 0 0 0 0 0 0 0 0 0 0 0 0 0 0 0 0 0 0 0 0 0 0 0 0 0 0 0 0 0 0 0 0 0 0 0 0 0 0 0 0 0 0 0 0 0 0 0 0 0 0 0 0 0 0 0 0 0
0 0 0 0 0 0 0 0 0 0 0 0 0 0 0 0 0 0 0 0 0 0 0 0 0 0 0 0 0 0 0 0 1727 0 0 1391 0 0 0 0 0 0 0 0 0 0 1998 0 0 0 0 512 0 0 0 0 0 0 0 0 527 0 0 0 0 0 0 0 0 0 0 0 1638 0 0 642 0 0 0 0 0 0 0 0 0 0 0 0 0 0 0 0 0 0 0 0 0 1613 0 0
0 0 0 0 1408 0 0 0 0 0 0 0 0 0 0 0 0 1232 0 0 421 0 0 0 0 0 0 0 0 0 102 0 0 0 912 0 0 0 0 0 0 0 0 0 0 0 0 0 0 0 0 0 0 0 0 0 0 0 0 0 0 0 0 0 0 0 1318 0 0 0 0 0 0 0 0 0 0 1012 0 615 0 0 0 0 0 0 0 0 0 1409 0 0 0 0 0 0 0 591 0 0
1158 0 0 0 1609 0 0 0 1581 0 0 0 154 0 0 0 0 0 0 0 0 0 0 0 0 0 0 0 0 0 0 0 0 1610 0 0 0 0 0 0 0 942 0 0 0 0 0 0 0 0 0 0 0 0 0 0 0 0 0 0 0 0 0 0 0 0 0 0 0 0 0 0 0 0 0 0 0 0 0 0 0 0 0 0 0 0 0 0 0 0 0 0 0 312 0 1626 0 0 0 0
0 0 0 0 0 0 0 0 0 0 0 0 0 0 0 0 0 0 0 0 0 0 0 0 0 0 0 0 0 733 0 0 0 0 0 0 0 633 0 0 0 0 0 0 0 0 0 0 0 0 0 0 0 0 0 0 0 0 0 0 0 0 0 0 0 654 0 0 0 0 0 0 1303 0 0 0 0 0 0 0 0 0 0 0 0 0 0 0 0 0 0 0 0 0 1141 0 0 0 0 0
0 375 0 0 0 210 0 0 0 0 0 0 0 0 0 0 0 0 0 656 0 0 215 0 0 0 0 0 0 0 0 0 0 0 0 1199 0 0 0 0 0 0 0 0 0 0 0 0 0 0 0 0 0 0 0 0 0 0 0 0 0 0 0 0 0 0 0 0 0 1851 0 0 0 0 0 0 0 0 0 0 0 0 0 0 0 0 0 0 0 0 0 0 0 0 0 0 0 832 0 0
0 0 1818 1584 0 0 0 0 0 0 0 0 414 0 0 0 0 0 1745 0 0 0 0 0 0 1417 0 0 425 0 0 0 0 0 0 0 0 0 0 0 0 0 0 1534 0 0 0 0 0 0 0 0 0 0 0 0 0 0 166 0 0 0 0 0 0 0 0 555 0 0 1117 0 0 130 0 0 1650 0 0 0 0 0 0 0 0 0 1555 0 0 0 0 0 0 0 0 0 0 0 0 0
0 0 0 0 0 0 0 0 0 0 0 0 0 453 0 0 0 0 0 0 0 0 0 0 0 0 0 0 0 0 0 0 0 0 374 0 0 0 0 0 0 689 0 0 0 1692 0 0 0 0 0 0 0 0 0 0 0 0 0 0 0 0 0 0 0 0 0 0 0 0 0 947 0 0 0 0 0 0 1038 0 0 0 0 0 0 0 0 0 0 0 1041 0 0 0 0 1651 0 0 0 0
0 0 0 0 0 0 0 0 0 0 0 0 0 0 0 0 0 0 0 0 0 0 0 0 0 0 0 0 0 0 0 0 0 0 0 0 0 0 211 0 0 0 0 0 0 0 0 0 0 0 0 0 0 0 0 0 0 0 0 0 0 0 0 0 0 0 1684 0 0 0 0 0 0 1216 0 1597 0 0 0 0 0 0 0 0 0 0 0 0 0 0 0 0 0 806 2030 0 0 0 0 0
0 0 0 0 0 0 0 0 0 0 0 0 0 0 0 0 0 0 0 0 0 0 0 1515 0 0 0 0 1529 0 0 0 0 0 0 0 0 0 0 0 0 0 0 0 0 1083 0 0 363 0 0 0 1324 0 0 0 0 0 0 0 234 0 0 0 0 0 0 0 0 0 0 0 0 0 0 0 285 0 0 0 0 0 0 0 0 0 0 0 1600 0 0 0 0 0 0 0 0 0 0 0
0 0 0 0 1232 0 0 0 0 0 966 0 0 0 0 0 0 0 0 0 0 876 0 0 0 0 0 0 0 0 0 0 0 0 0 0 0 1 0 0 0 0 0 0 0 0 1309 0 0 0 0 0 0 0 0 0 0 0 0 0 0 0 0 0 0 0 0 0 0 0 1480 714 0 0 1460 0 0 0 0 0 0 0 0 0 0 0 0 0 0 0 0 0 0 0 0 0 0 0 0 0
1816 0 0 0 0 0 0 0 0 1962 0 0 0 0 0 1585 0 0 0 0 0 0 0 0 0 0 0 0 0 1731 0 0 0 0 0 0 0 0 0 0 0 0 0 0 0 713 0 0 0 0 0 0 0 0 0 0 0 0 0 0 0 1351 1129 0 0 0 0 0 1334 0 391 0 0 0 0 0 0 0 0 0 0 0 0 0 0 984 0 0 0 0 0 0 0 0 0 0 0 0 0 0
0 0 0 0 0 0 0 1182 0 0 1562 0 0 0 0 0 0 677 0 0 0 780 1486 0 0 0 0 1261 0 645 0 0 0 0 0 0 0 1212 0 0 0 0 0 0 0 0 0 1103 0 1669 0 0 0 0 0 0 1722 0 0 0 0 0 0 0 0 0 0 0 0 0 0 0 0 0 0 1467 0 548 0 0 0 0 0 0 0 0 0 0 0 0 0 0 0 0 0 0 0 0 0 1012
0 84 0 0 0 0 0 0 0 0 0 0 0 0 2038 0 0 0 0 0 0 0 0 0 0 0 1473 0 0 0 0 0 0 0 0 0 0 0 0 0 0 0 0 0 1156 0 0 0 0 0 0 0 0 0 890 0 0 0 0 0 1832 0 0 0 1027 0 0 0 0 0 0 0 0 0 0 0 0 0 0 0 0 0 0 0 0 0 0 0 0 0 0 1709 0 0 0 0 997 0 0 0
0 0 0 1104 0 0 0 0 0 0 0 0 0 0 0 0 0 0 0 169 0 0 0 0 0 0 0 0 0 0 0 0 691 0 0 0 0 0 0 0 0 0 0 0 0 0 0 1502 0 0 0 0 1298 0 0 0 0 778 0 0 0 0 0 0 536 781 0 0 0 0 0 0 0 0 0 0 0 0 0 0 0 0 447 0 0 0 0 0 0 0 0 0 0 0 0 0 0 0 0 0
998 0 0 0 0 0 0 0 707 0 0 0 0 0 366 0 949 0 0 0 0 0 0 0 0 0 0 0 0 6 0 0 0 0 0 0 0 0 0 1915 0 0 1462 0 0 0 0 0 0 0 1313 0 0 0 0 0 0 0 0 0 0 0 0 0 0 0 0 0 0 0 490 0 0 0 0 0 0 0 1772 0 0 0 0 0 0 0 0 0 0 0 0 0 0 0 0 0 0 0 0 59
0 0 0 0 0 0 835 0 0 0 0 0 905 0 0 0 0 0 1767 0 0 0 1260 0 0 0 0 0 0 0 0 0 0 0 0 0 0 0 0 0 0 0 0 0 0 0 0 0 76 1083 810 0 1903 0 0 0 0 0 0 0 0 0 0 0 0 0 0 0 0 0 0 0 0 0 0 0 0 0 0 0 0 0 0 0 0 0 1894 0 0 0 0 0 0 0 0 0 0 0 0 0
229 0 0 0 0 0 0 0 0 0 0 388 0 0 0 0 0 0 0 0 0 0 0 0 0 0 0 0 0 0 0 0 0 0 0 0 1622 0 0 0 0 0 0 0 0 0 983 0 0 0 1454 0 561 0 0 0 0 1238 0 0 0 0 0 0 0 0 0 0 0 0 0 0 0 0 0 0 0 0 0 0 0 0 0 0 0 0 0 0 2043 0 0 0 1219 0 0 0 0 0 0 0
0 0 0 479 0 0 0 0 0 0 0 0 0 0 0 0 0 0 0 0 0 0 0 0 0 1563 0 0 0 0 0 0 0 0 0 0 617 0 0 0 0 0 0 0 0 0 0 0 0 0 0 0 0 0 0 0 0 0 1665 0 0 0 0 0 2012 0 0 0 0 0 0 0 0 0 0 0 0 282 0 0 0 0 0 0 0 0 0 0 0 299 0 0 0 0 0 0 0 0 0 0
946 0 0 0 0 0 0 0 0 0 0 0 0 0 0 0 0 0 0 0 0 0 0 0 0 0 0 0 0 0 207 0 0 618 0 0 0 0 0 0 0 0 0 0 0 0 0 0 0 0 0 0 0 56 0 0 1220 0 0 0 0 0 901 1572 0 0 0 0 0 0 0 0 246 0 0 1074 0 0 0 0 0 0 0 0 0 0 0 0 0 0 0 0 0 0 0 1148 0 0 0 0
0 0 741 0 1661 0 0 0 0 0 0 0 0 0 1899 0 0 0 0 0 0 0 0 0 0 0 0 0 0 0 0 0 0 0 0 0 0 0 0 0 0 0 0 896 0 0 0 0 0 0 0 1678 0 0 0 0 0 701 0 0 0 1915 0 0 0 1245 0 0 0 0 0 0 0 0 0 0 0 1492 0 0 0 0 0 0 0 0 0 0 0 0 0 0 0 0 0 345 0 0 0 0
0 0 344 0 0 834 0 0 0 0 0 0 0 0 0 0 0 0 0 0 0 0 0 0 687 0 0 0 0 0 0 0 777 0 0 0 0 0 0 0 0 0 0 0 0 0 1511 0 0 0 0 993 1143 0 0 0 445 0 0 322 0 0 0 0 0 0 0 0 0 0 0 0 0 0 0 0 0 0 0 0 0 0 0 0 0 0 0 0 0 0 0 0 0 0 0 0 0 0 0 0
0 0 0 0 0 0 0 0 0 0 0 0 0 537 0 0 0 527 0 472 0 0 0 0 0 0 0 0 0 0 0 0 2049 1244 0 0 0 1706 0 0 0 0 0 0 1009 0 0 0 0 0 0 1549 0 420 0 0 0 0 0 0 0 0 0 0 0 0 0 0 0 0 0 0 0 0 0 0 263 0 0 0 0 0 0 0 0 0 0 0 0 0 0 0 0 0 0 1835 0 0 1330 0
0 0 1000 0 0 0 0 0 0 0 0 0 0 0 0 0 138 0 0 0 79 576 0 0 0 0 0 0 0 0 0 0 0 0 0 0 723 0 0 0 0 1204 0 0 0 0 0 0 0 0 0 0 0 0 0 0 0 0 0 0 1067 0 0 0 0 0 0 0 0 0 0 0 0 0 0 0 0 0 0 0 0 0 483 0 0 0 0 0 0 14 0 0 0 0 0 0 0 0 1674 0
0 0 0 2036 0 0 0 0 0 0 0 0 0 0 0 0 0 0 0 0 0 0 0 0 0 0 0 0 0 0 0 0 0 0 0 0 0 0 0 0 0 0 0 0 0 0 0 0 0 0 0 0 0 0 0 0 0 0 0 0 0 0 0 0 0 0 0 0 1036 0 0 0 686 0 0 0 0 0 0 0 0 0 0 0 0 0 0 0 0 0 0 0 0 0 0 0 0 0 0 0
0 0 0 0 0 0 0 0 0 0 0 0 0 0 0 504 0 0 525 0 0 662 0 0 0 0 0 0 0 0 0 0 0 0 1981 0 0 0 0 0 0 1050 0 0 0 0 0 0 0 0 0 0 0 559 0 700 0 0 0 0 0 0 0 0 1036 0 0 0 0 0 0 0 0 0 0 0 0 0 0 0 0 0 0 0 0 0 0 0 0 0 0 0 0 0 0 0 0 0 0 0
1970 0 0 0 0 0 0 0 0 0 0 0 0 0 0 0 1200 0 0 0 0 0 0 0 0 0 1133 0 0 0 0 0 0 0 0 0 0 0 0 49 961 726 0 0 0 0 0 0 0 0 0 0 0 0 0 0 0 0 0 0 0 0 0 0 0 0 0 0 0 0 0 0 0 0 0 0 0 0 0 0 0 0 0 0 0 0 0 0 0 0 0 0 1716 0 0 0 0 403 0 0
0 0 1839 0 243 0 1836 0 0 0 0 0 0 0 0 0 1657 2018 0 0 0 0 0 0 0 0 0 0 0 0 0 0 0 0 0 0 0 0 0 0 0 0 0 0 0 0 0 0 0 0 0 0 0 0 0 0 0 0 0 0 0 0 0 0 0 0 0 0 0 0 0 0 0 0 0 0 0 0 0 0 0 0 0 0 0 0 0 0 0 0 0 0 0 0 0 0 0 0 0 0
0 0 0 0 0 0 0 0 0 0 0 0 0 1963 0 0 0 0 0 0 0 0 0 0 0 0 0 0 0 0 0 0 0 0 0 0 0 0 0 0 0 0 0 0 0 0 0 0 0 0 0 302 0 321 0 0 375 0 0 0 0 762 0 0 0 0 0 0 0 0 0 826 0 512 0 0 0 1104 0 0 0 0 0 360 0 0 0 0 0 0 0 0 0 0 0 0 0 0 0 0
0 1309 0 0 0 0 0 506 1805 0 0 496 0 0 0 0 0 0 0 1742 0 0 0 0 0 0 0 0 0 0 0 812 0 0 0 0 0 0 0 0 0 0 0 0 0 0 0 0 0 0 0 0 0 0 0 0 0 0 1462 0 448 0 0 0 0 0 0 0 0 0 0 0 0 0 0 0 0 0 0 0 0 0 0 0 0 0 0 0 1704 0 0 0 359 1886 0 0 0 0 0 0
0 0 0 0 0 0 0 0 0 0 0 0 0 0 0 0 0 0 0 0 0 0 0 0 0 0 0 0 0 0 0 0 0 0 0 0 0 0 0 0 0 0 0 0 0 0 0 0 0 0 0 500 0 0 0 0 0 0 0 0 0 0 0 0 0 0 1490 0 0 0 0 0 0 0 2044 0 605 0 0 0 0 0 0 0 0 0 0 0 0 0 0 0 0 0 0 0 0 0 0 0
0 0 0 0 0 0 0 0 0 0 0 0 0 0 0 0 0 0 0 0 655 0 0 0 0 0 0 0 0 0 0 0 0 0 0 0 0 0 0 596 0 0 0 0 0 0 0 0 0 0 0 0 0 0 0 0 0 1976 0 0 0 0 175 0 0 0 0 0 1797 0 0 272 1519 789 0 0 0 0 0 0 0 0 0 0 0 0 0 0 0 0 0 0 366 0 0 0 0 0 0 0
0 0 0 0 0 0 0 0 1279 313 0 0 0 0 0 0 987 0 0 0 0 0 0 0 0 0 0 0 0 0 0 0 0 0 0 0 0 0 0 0 0 0 0 0 0 0 0 0 0 0 0 0 0 0 0 0 998 0 0 0 0 0 0 0 0 0 0 0 0 146 0 0 0 0 0 0 0 0 0 0 0 0 0 0 0 0 0 0 0 0 0 0 0 0 0 0 493 0 1072 0
0 1423 0 0 0 0 0 0 0 0 0 0 0 0 0 0 0 0 0 0 0 0 0 0 0 0 0 0 0 0 0 0 0 0 0 0 0 0 0 0 0 0 0 0 0 0 0 0 0 0 0 0 892 0 0 0 0 0 0 0 0 0 0 0 0 0 0 0 0 0 0 0 192 0 0 0 0 0 0 0 0 597 0 0 0 0 0 0 0 0 0 0 1548 0 0 0 0 0 0 0
0 0 0 0 0 0 0 0 0 0 0 0 0 0 0 0 0 0 0 0 0 0 0 0 0 0 0 0 0 0 0 0 0 0 0 0 0 0 0 0 0 0 0 458 0 0 0 0 0 0 0 0 0 0 0 0 0 0 331 0 0 0 0 0 0 0 0 0 508 0 273 1332 0 0 0 108 0 0 0 194 0 0 0 1001 611 0 0 0 0 0 0 0 0 0 598 0 0 0 0 0
0 0 0 0 0 0 0 0 0 0 0 0 0 0 0 0 0 164 0 0 0 0 0 0 0 0 246 0 0 0 1762 0 0 0 0 0 0 0 0 0 0 0 0 0 0 0 0 0 297 0 0 0 0 0 0 0 1437 0 0 0 0 0 0 0 0 0 0 0 0 0 0 0 1131 0 0 0 0 1282 0 532 0 0 720 0 518 0 0 0 0 0 0 0 0 0 0 0 0 0 0 0
0 0 0 0 0 0 766 0 0 0 491 0 0 0 0 0 0 355 0 0 0 0 0 0 0 0 0 0 0 0 844 0 0 0 0 0 0 0 0 0 0 0 0 0 0 0 0 0 0 0 0 0 0 0 0 0 0 0 0 0 0 0 0 0 0 0 0 1095 0 0 0 0 0 0 0 1431 935 0 474 0 0 1742 0 1784 0 0 0 0 0 0 0 0 0 0 0 0 0 0 0 0
0 1967 1245 0 0 0 0 0 1903 0 0 0 0 0 0 0 0 0 0 0 0 0 0 0 0 0 0 0 0 0 0 0 0 0 0 0 0 0 0 0 0 1809 0 0 0 0 0 0 0 0 0 0 0 0 0 0 0 0 0 0 0 0 0 0 0 0 0 0 1034 0 0 0 0 0 0 0 0 0 1276 0 0 0 0 0 0 1418 0 0 0 0 0 0 0 0 0 0 0 0 0 0
0 0 0 0 0 0 0 0 0 0 0 0 0 0 0 0 0 0 0 0 0 0 0 0 1727 1042 0 0 0 0 0 0 0 0 0 0 0 0 0 0 0 0 430 0 349 792 0 0 213 0 0 0 0 0 0 0 0 892 0 1100 0 0 0 0 0 0 0 0 0 0 0 0 0 0 0 0 0 0 0 0 0 957 0 0 0 0 0 0 0 0 0 0 0 0 0 0 0 0 0 409
0 0 0 0 925 0 0 0 1232 0 0 0 0 0 0 0 0 0 621 0 0 0 0 1466 0 0 0 0 0 0 0 0 0 0 0 0 0 1650 0 0 0 0 0 0 0 0 0 0 0 0 0 870 0 0 0 0 1359 0 0 0 1068 0 0 0 0 0 0 0 0 0 0 0 0 0 0 0 1248 0 0 0 0 0 0 0 0 0 0 0 186 0 0 0 0 0 0 0 0 0 0 0
0 0 0 0 0 0 0 0 0 0 0 0 0 0 0 0 0 0 0 0 0 0 1823 0 0 0 1457 0 0 0 0 0 0 0 0 112 429 0 0 0 0 0 0 0 0 0 0 0 0 0 0 0 0 0 0 0 0 0 0 0 0 0 0 1705 0 0 0 0 0 0 0 1729 0 0 0 0 0 0 0 0 0 0 0 0 0 0 0 0 0 0 0 0 0 0 0 0 0 0 0 0
0 159 0 0 0 0 0 0 0 0 0 0 0 903 0 0 0 847 0 1472 0 0 0 0 0 0 0 0 0 0 0 0 0 0 0 0 0 0 0 0 0 0 0 0 0 0 0 0 0 0 0 0 0 0 0 0 0 0 1711 0 532 0 0 0 0 0 0 0 0 0 0 0 0 0 0 0 0 0 0 0 0 0 0 0 0 0 274 0 0 0 0 0 0 0 0 0 0 381 0 0
0 0 0 0 0 0 0 0 0 0 0 0 0 0 0 0 0 0 0 0 0 0 0 0 211 0 0 0 0 0 0 0 423 0 0 0 0 0 0 0 0 0 0 0 1043 0 0 0 0 0 0 0 0 602 0 0 0 0 0 0 0 696 0 0 0 0 0 0 0 0 0 0 0 0 0 0 0 0 0 0 0 0 0 0 0 0 0 986 0 0 0 0 0 0 0 0 381 0 0 0
0 0 0 0 0 0 0 0 0 0 0 0 0 0 871 0 0 0 0 0 0 0 0 0 0 16 0 0 0 0 0 0 0 0 0 0 0 0 0 0 0 0 0 0 0 0 0 0 0 0 1543 0 0 0 0 0 0 0 0 0 0 0 0 0 0 0 0 0 0 0 0 0 0 0 0 0 0 0 0 1575 0 1520 0 0 0 234 929 175 0 0 0 0 0 0 0 0 0 0 0 0
0 0 0 0 0 0 0 0 0 0 0 0 0 0 161 0 0 0 0 0 0 0 0 0 0 0 0 0 0 0 1262 0 0 0 0 0 906 0 634 0 0 0 0 0 0 0 0 0 0 0 0 0 0 0 250 0 952 0 0 0 0 727 0 0 0 0 0 0 276 0 0 0 0 0 0 0 0 0 0 0 0 0 0 1861 381 0 0 1588 0 0 0 0 0 0 0 577 0 0 0 0
0 0 0 0 0 0 0 0 0 0 0 0 0 0 0 0 0 0 0 0 0 758 0 0 0 0 0 0 0 0 0 0 0 0 0 0 0 0 0 0 0 0 0 0 1830 0 0 0 0 0 0 0 0 0 0 0 0 0 0 0 1208 0 478 0 0 0 0 0 0 0 0 0 128 0 0 0 0 0 0 0 0 0 0 0 0 0 0 0 0 0 0 1838 0 0 0 0 0 0 0 0
0 0 0 0 0 0 0 0 0 0 0 0 0 0 0 0 0 0 0 101 516 0 0 0 0 0 0 0 0 0 1406 0 0 0 0 0 0 0 0 0 0 0 0 0 0 0 0 9 0 0 0 0 0 0 0 0 0 0 0 0 0 0 0 0 0 0 0 0 1804 0 0 0 0 0 0 0 0 0 0 0 0 548 0 0 0 0 0 0 0 0 0 0 1147 0 0 0 0 0 0 0
0 0 0 0 0 0 0 0 0 0 1230 0 0 0 620 0 0 0 0 0 0 712 0 0 0 0 0 1980 0 0 0 1359 0 0 0 0 0 0 0 0 0 0 0 0 0 0 0 1141 0 1323 0 0 0 0 0 0 0 0 0 0 0 0 0 0 1662 1040 0 0 0 0 0 0 0 0 0 0 0 0 0 0 649 0 0 57 0 0 0 0 0 0 0 0 0 0 2039 1843 0 0 0 0
0 540 0 116 0 0 0 0 0 0 0 0 0 0 0 0 0 0 0 0 0 0 0 0 1201 0 0 0 0 0 0 0 0 0 0 1022 0 0 0 0 0 0 0 0 0 0 1028 0 0 0 0 0 0 0 0 0 0 0 0 0 0 0 0 0 1315 0 0 0 0 0 0 0 0 0 0 821 0 0 85 0 0 0 0 0 0 0 0 0 0 0 0 597 0 1266 0 0 0 0 0 0
0 0 0 0 0 0 0 0 0 0 0 176 0 0 0 0 1856 0 0 0 0 0 0 0 0 0 0 1256 0 0 0 0 0 0 0 0 794 0 0 0 0 0 0 393 0 0 403 0 0 0 1349 0 0 0 0 0 0 0 0 0 0 0 0 0 0 0 0 0 0 0 0 0 0 0 0 1730 0 0 0 0 0 0 0 0 0 0 0 0 0 0 0 0 0 0 0 0 0 0 0 0
0 0 0 0 0 1086 0 0 0 0 0 0 831 0 0 0 0 0 0 0 0 0 537 0 0 0 0 0 0 0 0 0 0 0 0 0 0 0 0 0 0 0 0 0 0 0 0 793 0 0 0 0 0 0 0 0 0 0 0 0 0 0 0 0 0 0 0 0 0 0 0 0 0 0 0 0 0 0 0 422 0 0 311 0 0 0 1597 0 0 0 0 0 0 0 0 0 0 0 0 0
0 0 0 0 0 0 0 0 0 0 0 0 0 0 0 0 0 0 764 0 0 0 0 0 0 0 0 0 0 0 806 796 0 0 1810 0 1772 0 0 0 0 0 0 0 0 0 0 0 0 0 0 0 0 0 1649 0 0 310 0 0 0 0 0 0 0 0 0 0 0 0 0 0 0 0 0 0 0 0 0 0 0 0 0 0 0 0 0 0 0 0 0 0 0 0 0 0 0 0 0 0
0 0 0 0 0 0 0 0 0 0 0 0 0 0 0 1125 0 0 0 0 0 0 0 0 0 312 0 0 0 0 539 0 0 0 0 359 0 1367 0 0 1260 0 0 0 0 1013 178 0 0 0 0 1300 1891 0 0 0 0 0 557 0 0 0 0 0 0 0 0 0 0 0 0 0 0 0 0 0 0 0 0 0 0 0 0 0 0 0 1043 0 0 0 0 0 1613 0 0 0 0 0 0 0
0 0 0 0 0 0 0 0 0 0 0 0 0 0 0 0 0 0 2002 0 0 0 0 0 0 0 0 0 0 0 0 0 1560 0 0 0 0 0 0 0 0 0 0 0 0 0 0 0 0 0 0 0 0 0 0 0 0 0 0 0 0 0 0 0 0 539 0 0 0 0 0 0 0 0 0 0 0 0 0 0 0 0 0 0 0 0 0 0 0 0 0 0 0 0 0 0 0 0 0 0
1006 0 0 0 1405 0 0 0 940 0 0 0 0 0 0 0 0 403 0 0 0 0 0 0 0 0 0 1471 0 0 945 0 0 0 0 0 0 1429 0 0 0 0 0 0 0 0 0 0 53 0 0 0 0 0 0 0 0 0 0 0 0 0 0 0 0 0 0 0 0 0 0 0 0 0 0 0 0 0 0 0 0 0 0 0 650 0 0 994 0 1441 1995 0 0 0 0 0 0 0 0 0
0 0 0 0 0 0 0 0 0 0 0 0 0 678 0 0 0 0 0 0 0 1368 0 0 0 0 0 0 0 0 0 751 0 0 0 0 0 0 1807 0 0 0 0 0 0 0 0 431 0 0 0 0 0 0 0 0 564 0 0 0 0 0 0 0 0 0 0 0 0 0 0 0 0 0 0 0 0 0 0 0 0 0 0 0 0 0 0 0 0 0 0 0 0 0 0 0 0 0 0 0
0 0 0 0 0 0 387 0 0 0 0 0 0 0 614 0 0 977 0 0 1256 0 0 0 0 0 867 0 0 0 0 0 0 181 0 0 0 0 0 0 0 0 0 0 0 0 0 0 0 0 1443 1721 0 314 0 0 0 0 0 0 0 0 0 0 0 0 0 0 0 0 0 0 0 0 0 693 0 0 0 0 0 0 0 0 0 0 0 0 1263 0 0 0 0 0 1154 0 988 0 0 0
0 0 0 0 0 0 1539 0 0 0 0 0 0 0 0 801 0 0 0 144 0 0 0 0 0 0 0 0 0 0 0 0 2012 0 2037 0 0 0 0 0 0 0 0 0 0 0 0 0 0 0 0 0 817 0 1674 444 0 0 0 0 0 0 0 0 0 829 0 0 0 0 0 0 0 0 0 0 0 1971 0 0 0 0 0 0 0 0 0 0 614 0 0 0 1939 0 0 0 0 0 0 0
0 0 0 727 0 0 0 242 0 0 0 0 0 990 0 0 0 0 0 0 0 0 0 0 1722 0 0 0 0 0 0 0 0 0 0 0 0 0 0 0 1473 0 0 0 0 0 0 0 0 0 0 0 839 0 0 0 0 0 0 0 769 0 0 0 0 0 0 0 0 0 0 0 0 0 0 0 0 0 0 0 1820 0 0 0 0 0 0 0 0 0 0 0 0 0 0 0 0 0 0 0
0 0 0 0 0 0 0 0 0 0 0 0 0 0 0 0 0 0 0 0 0 0 0 0 0 411 0 1921 0 0 0 0 0 0 0 0 0 0 0 0 0 0 0 0 0 0 0 0 0 0 0 0 0 0 0 0 0 0 0 681 0 0 0 0 0 0 0 0 0 0 0 0 0 0 0 765 0 0 0 0 0 0 0 0 0 0 0 0 0 0 1600 0 1820 0 0 0 0 0 1490 0
0 0 0 0 0 0 0 0 0 1750 0 0 0 1257 0 0 0 1366 0 0 0 0 0 0 0 417 0 0 0 0 0 0 0 0 0 0 0 0 0 0 0 0 1741 0 0 0 0 0 0 0 0 0 0 0 0 0 0 0 0 0 1838 0 207 0 0 0 447 0 0 0 0 0 0 1741 0 0 0 0 0 0 0 1184 0 2042 0 0 0 817 0 0 0 0 0 0 0 0 0 0 959 0
0 0 0 0 0 0 0 0 0 877 0 0 0 0 0 0 0 0 0 0 0 0 846 0 0 0 0 0 0 0 135 0 0 0 0 0 0 0 0 0 0 0 598 0 0 0 315 0 0 0 0 0 0 0 0 0 0 0 0 0 0 1019 0 1619 0 0 0 0 0 0 0 0 0 0 0 0 0 0 0 0 0 1678 0 0 0 0 0 0 0 0 0 0 0 0 0 0 0 0 0 0
