162
806
747
325
976
374
420
250
407
287
113
784
401
145
364
86
16
481
331
61
589
209
201
267
924
810
177
647
551
184
759
547
173
393
792
138
266
529
764
921
405
869
627
404
808
44
621
614
915
622
874
878
228
562
801
811
125
872
979
609
115
464
230
873
395
339
845
304
857
524
720
217
648
232
610
630
638
837
248
629
446
293
482
727
220
375
456
46
694
817
679
390
928
93
600
682
282
369
812
738
502
492
636
344
942
779
463
740
357
306
180
333
245
13
429
278
954
460
651
772
316
203
532
366
277
980
819
949
585
418
899
457
73
760
414
195
343
353
684
165
926
315
30
120
231
716
624
829
455
14
828
768
392
412
52
157
941
704
533
454
596
399
894
131
746
655
322
9
961
270
618
914
221
578
253
534
687
892
154
187
579
875
156
703
252
413
654
866
774
359
693
77
906
734
319
613
127
264
658
174
611
415
341
106
251
789
947
329
757
208
0
261
628
376
256
513
639
139
957
97
467
871
573
472
327
567
181
987
19
771
975
762
283
668
825
425
281
275
112
983
691
506
317
207
65
100
993
498
409
222
213
560
440
92
868
53
604
713
603
859
706
973
832
662
110
862
289
960
688
695
680
903
416
17
564
719
136
191
933
607
844
354
28
685
346
423
427
985
285
565
183
964
995
381
508
149
417
147
186
500
237
758
674
619
557
224
665
780
259
931
518
566
64
142
839
753
599
539
197
468
18
672
748
700
300
632
296
769
99
241
465
124
816
591
850
841
35
582
935
11
507
260
350
544
15
787
225
901
326
202
51
723
378
161
176
111
515
842
796
555
133
246
971
861
373
71
410
372
484
265
900
389
2
689
90
527
75
280
592
150
1
938
169
470
284
548
360
50
616
485
236
302
491
368
843
159
63
673
709
645
475
517
308
887
701
379
178
377
274
853
885
570
383
459
158
992
380
144
729
790
646
458
890
818
905
448
541
756
442
298
799
510
968
335
594
419
580
323
994
967
56
794
196
96
809
930
805
626
493
561
238
504
424
190
666
391
625
641
584
702
477
476
944
542
242
742
951
473
305
269
363
852
218
163
788
982
940
745
297
824
229
433
309
132
558
724
725
33
649
82
540
349
883
920
26
577
707
474
778
272
356
775
210
334
70
588
137
104
595
882
955
83
172
78
587
45
294
650
32
233
21
88
121
911
62
175
205
347
999
362
785
922
583
403
348
129
40
483
215
358
927
394
864
730
659
710
38
523
81
814
990
461
367
301
804
387
336
286
439
849
263
802
452
950
897
643
72
160
889
851
243
998
494
984
3
606
114
855
247
956
838
257
791
813
5
786
612
681
923
109
200
916
827
525
677
34
576
84
371
966
41
342
141
670
54
489
712
39
384
821
552
530
426
501
254
912
268
744
153
103
292
216
102
499
715
737
4
312
479
735
24
155
480
20
751
970
8
581
146
337
117
765
783
822
385
893
345
313
397
167
235
431
80
199
462
781
671
686
76
29
977
311
43
834
411
919
884
958
151
888
244
49
290
898
538
726
635
185
226
831
644
223
886
526
741
168
198
382
307
68
575
717
495
27
194
696
981
189
170
421
166
996
521
66
67
47
435
733
271
535
276
432
559
402
31
320
25
516
896
876
743
773
135
60
676
441
314
85
59
664
37
332
365
902
835
528
116
453
206
917
969
699
718
434
488
509
908
770
511
601
870
400
214
989
972
57
656
486
798
739
107
134
978
449
608
907
74
932
330
653
953
974
497
736
605
471
661
728
881
443
959
708
512
553
634
569
258
447
295
505
847
952
563
386
675
211
815
754
58
568
800
101
690
711
571
91
122
514
478
574
430
445
22
496
986
537
549
660
36
69
490
602
234
669
89
519
895
503
820
212
667
408
657
991
219
182
856
854
698
782
273
192
130
487
42
396
171
934
795
193
637
288
891
945
623
105
318
48
321
123
164
7
450
546
444
683
640
79
586
697
997
179
936
840
152
925
965
913
303
833
422
904
863
55
543
531
593
860
437
642
572
826
948
620
299
909
262
652
631
598
929
279
545
858
879
351
918
310
556
939
766
406
848
755
536
749
87
803
118
663
23
119
946
128
721
240
988
732
590
962
692
763
807
767
140
249
340
705
617
98
466
615
867
338
722
10
776
777
797
597
520
355
388
436
793
522
865
398
95
148
370
428
108
877
963
188
6
451
126
937
880
750
550
836
204
714
823
328
438
554
678
143
752
291
352
361
239
633
761
324
846
469
12
830
227
255
731
910
943
94
