6339485
4383707
6662554
6204857
5744877
5893212
7775668
6471792
5947058
6245342
5171875
6177410
5962972
5542028
6984099
4990395
6543686
6534782
7576132
7775630
4810140
4854305
7048954
4964008
5969927
5906706
8033736
6424115
6467874
5177783
8240581
4859745
4504279
7529215
4856917
6573240
5160530
5230220
3575272
4602499
4908780
4102181
7271074
6111683
3800097
6785793
6612746
7639101
7898238
5872169
6185071
7018979
4959389
7364869
5283366
4849227
6259904
7329454
5703917
3940424
5509729
5465445
4500518
6861249
4141477
6309987
6551494
4845942
4073456
5664190
6736618
4008677
6735379
4803645
6629863
5713624
6746097
5131365
6648974
6802411
5741593
4762482
7902573
6926107
4305787
6272404
7928868
7443087
5793195
5028012
4930324
7716942
7001484
6704970
5513049
6111515
5437856
4357186
4954167
6745122
6612751
7274162
7346492
7841815
5539335
6136727
4925739
3376054
5333658
6479241
4972122
6321208
4172987
4237616
7455634
6578724
4543471
4778122
6173686
7358375
5983861
6041085
4848248
5361631
5333705
5702064
5446519
7188234
6918715
7795980
7590414
7096239
5431111
8908750
7508104
4638909
6969735
5257739
5752374
5403455
9606384
6449011
4996193
6318515
5688623
6857234
7982356
5469981
5534800
5722579
6532726
5874544
5659067
5092402
4992204
4876399
6146071
4720364
4614311
4919960
6181330
5949496
6281660
6102082
4530666
5229349
5357242
4408541
6544177
4977850
4889994
4598222
5305660
4893791
4972945
5860743
5347458
5987112
5425985
4695573
6538678
6306717
5795036
6198781
4259939
5711614
6468982
4692918
4549632
5716237
5350060
4512612
5265852
5315467
6887338
4555743
4904667
5199241
4478894
4298081
6334702
5592482
5480996
8196604
7469591
5033449
5180733
4903435
3377716
5107288
5420017
5575247
4983631
5708183
6969822
5069013
6944431
6511498
6284424
4204446
6435438
4262994
5999139
4816716
5474461
4760077
6493794
5098725
6495747
6132416
6180995
5481531
4340146
5454819
5292339
5358399
6629750
7497698
6863090
3180261
7593341
7455949
4580857
7553857
5990449
3744021
5967112
6358295
5625804
4765698
5865877
8042609
5399654
4955591
5909090
5954621
5834983
5059311
7306048
4836426
6616549
5579703
6249551
3550715
5245894
7322957
4764493
8403992
3697576
6757995
6603156
7716232
7053285
5264681
5556203
4362171
7646550
5030054
6969185
6796408
4648677
4975155
5907955
4341051
6201309
6095636
4771362
4419605
5540739
5853572
5373947
4703278
5758887
5224616
5580664
5847240
5502617
4584708
3999016
5507570
5990444
6010635
6535308
7514946
6871530
5663099
6747049
4524602
6074096
7806771
5721577
6245182
6476050
5486344
7098358
5667878
6346979
7286492
6005314
5772823
6474845
7470450
5139383
7413739
7291356
4950987
7794259
7885680
6194460
4594564
5459770
6559220
9797474
5507482
7063546
6873037
5177835
6348063
7365877
6780754
7256369
5295597
4149282
6534480
5041591
5382224
5649699
5283975
4520558
5985471
7001551
5469031
5583657
4450072
6507347
5339263
5377570
6283055
8737843
8287260
8123714
6555378
4862938
7437148
6398899
7064616
5519956
4281192
5624163
4579656
5363857
6269096
5503574
6606673
5222728
4715954
7904871
5807770
5497039
5168486
6418015
4758976
6439718
5355717
4846547
4500622
4821940
5362795
7557857
4948988
5955664
5989574
5804262
4886360
5825553
4905115
5888330
5865621
3701532
6277235
7109737
5381398
5432355
4094849
3920128
4737688
5230299
5915965
3300513
5446241
5278744
6100905
5485892
4841949
8271357
5772564
6695169
6946495
6075328
7389710
5860797
7739614
7347689
4139282
5251835
5473946
6124840
5758816
4077948
5572225
5207373
6829531
5055741
5943789
7053880
6389931
5929823
7172403
5820602
6419850
4212755
5571341
4917248
6714510
4682445
6223109
3336549
7853312
5300292
4759118
4872843
5244160
4525441
8352380
5094720
6321186
6415575
5685126
5166441
4594585
5292671
7051974
4295822
7764131
5459576
5686769
4287189
7006423
5668563
4033280
5355223
7289603
5703325
6531596
5406401
5831121
5095173
4217731
6248649
6807083
6351980
5585414
6900167
6441058
7440335
4464941
5718342
7241233
4457892
4868455
5806955
4327554
5153908
5673187
3946849
6184100
6510897
6116749
4051432
6358602
8000948
5507835
3642663
4473605
6174748
8908778
4726272
5029827
5632986
7177596
6132895
6164445
6735166
5847546
5101203
4980221
4728857
5258597
6752885
4454311
6688837
3910556
8381302
5568233
6898089
5183815
5070152
6685671
5400893
5924048
4886474
6675822
4322969
5352157
7238098
6749032
4108976
6512494
4366976
6336830
5270128
6322393
5959456
5482207
5133889
5249265
6134444
4823383
4681387
5849203
4610773
5657242
4193340
6810724
7834286
5397541
5836855
7249022
5565290
6150861
4092836
5587284
6511042
6775922
5065093
7030129
4360684
5163340
6321550
5203989
6430273
5163397
5678470
5918488
7744471
6784964
6857974
5260374
5565410
5615671
5313199
5451173
6697367
6724009
6854061
4604931
6922373
8074185
6411386
6704880
5444423
5660334
7822742
5089557
6348342
5148036
5324017
6138393
6073781
6242113
4519486
6278640
6500496
6357074
3456074
6122011
5978771
6051426
5116481
5483859
7809679
7942267
6284312
6917990
5373875
6874364
7376979
6225868
5683391
5298751
5377841
5226557
6938264
5242860
6798621
6359133
7595705
7023337
4202826
5587336
4985799
6211422
5501308
5299674
6049582
9132988
5844817
8129630
5594774
6862824
7440273
6878782
10174439
4636987
6644707
6069792
3822146
5270439
5257646
4995482
3881130
5270555
7792973
6110155
5654224
5561049
4122726
5276597
5702772
6599930
7679674
3984292
6990969
5509643
6833940
5216781
7621997
6783647
5490936
5223894
4176212
6768623
5778960
6291678
4498786
6888263
5693730
7013908
4444827
5651730
6468012
4833824
7940831
5968668
8368198
6184393
7819592
3775551
7318961
4827253
6146618
7123079
5248425
6575872
5597026
7977396
7397386
6038392
8535830
6463452
7605937
5490702
7194670
6601894
6586643
4143495
7781183
5294810
5641683
4821995
7052908
5321691
5677969
6421560
5574773
6250512
7369653
5984398
8486628
5008904
5780425
6477603
5440164
7939704
6469739
5379691
5417269
4804277
5966733
6125895
6068052
7766490
5573257
7963065
5545327
6141507
6164943
5178377
7392545
5073943
5932107
4689139
5235994
5866515
5512020
6291816
6302702
5169945
5647598
4739439
5460646
4900930
7293575
5905583
5801324
6692491
5102972
5736778
5396194
5518369
5578105
8745442
5605290
5545186
6317939
6452365
5916553
4973280
5418001
5454852
5171065
5199824
4588690
8949818
5802653
5446144
4931000
8924548
4541307
5286956
6190318
5976970
5850927
5174033
4282365
5632328
4355024
3587023
7872095
6778705
4573529
3965459
6010162
7557390
5368480
7681964
3970885
7788906
6511380
7269064
6612066
6454112
7894967
5295019
5378420
5868697
5503680
4140418
5429230
4856296
5307996
7309900
4973833
7845003
5496294
6450997
6113800
4115183
8555836
3880862
5721745
4536831
6495158
4514277
6724341
6271287
6513399
6212550
5348914
7648375
4754456
5429503
5941289
5965092
4517205
6215368
9279645
4913758
4456034
6324257
3610230
5316176
4911592
7403705
6961404
6144720
6823987
5126484
5858313
5276087
7422532
6966211
7542148
5734383
3030388
5468779
5596350
4319925
4714171
6274046
6140437
4776330
5947092
5774846
5765867
6773565
4787820
5500945
5564263
5832104
7308690
6615206
5630169
4410616
6939763
7707740
7064551
6157304
4386870
7267147
5021576
6030392
6776889
7083091
4742560
5607908
7314488
7113242
4876665
5539199
6418139
5972440
4192232
6568725
5867116
3182704
5767896
4351415
5455785
5038733
5406621
6679711
6987156
7551997
4175055
4418194
5655406
3989978
5411414
5402016
7075336
4791662
6151406
5707747
6517563
5752960
6543607
7148746
5193168
4969100
6516039
5302114
3876945
5564503
6127718
4170444
4490661
4788939
5705720
5269340
6349796
6442402
7506429
5164864
4585027
5617609
5811373
6516903
4860272
6992360
6143293
6710055
7028366
5105065
5470857
5898480
5585633
3825950
6580721
6056586
5644217
6909586
5685436
5434313
5750989
4887449
7085343
5928653
6932076
6123727
6755341
7956190
6700020
5081506
8124803
6402305
4523030
8296349
5371050
4726588
3944532
6944449
4345315
7264605
5552288
4100083
6095433
4641205
6501873
6627210
7037909
7007151
6257748
6199494
4986171
5109875
5546593
5931638
4944209
4995846
4564194
4755996
5843269
4291478
5437619
7881281
6337871
4484022
4956321
5197184
