178
141
130
0
152
0
0
0
1
23
16
0
149
234
0
0
0
0
0
0
2
0
156
142
0
0
155
0
40
255
235
0
105
0
0
182
96
158
0
193
228
78
25
187
10
0
0
0
194
0
0
0
227
236
214
0
242
0
0
48
72
0
0
63
127
170
0
205
0
0
160
0
2
0
22
0
148
108
0
137
0
174
131
0
133
0
0
172
0
0
0
201
0
0
0
0
175
0
105
0
200
33
140
28
0
0
0
106
256
0
0
36
0
0
187
0
161
0
0
0
0
0
0
0
0
0
159
0
0
0
0
0
0
188
0
0
0
136
0
0
0
156
163
0
236
0
0
209
131
86
0
91
4
123
0
0
0
162
0
123
0
153
0
31
0
21
201
114
159
0
179
199
0
130
194
0
100
0
91
0
0
122
0
0
0
153
123
254
0
0
0
242
0
1
114
0
0
0
0
170
157
31
0
14
0
90
183
171
36
0
242
0
0
0
178
10
218
0
9
184
21
0
202
124
0
0
0
57
0
0
108
121
62
50
146
0
0
104
0
206
142
0
141
0
0
231
0
0
0
0
94
92
0
0
0
0
0
34
0
0
30
0
15
0
154
127
0
167
66
52
257
0
108
135
0
244
0
240
0
0
0
0
0
212
0
0
0
53
3
188
29
111
0
0
0
201
192
0
182
120
48
0
3
110
0
92
0
151
0
153
0
57
250
124
230
188
0
34
0
0
106
172
162
0
147
121
0
37
121
114
165
114
229
91
0
213
187
0
0
0
0
0
185
150
247
0
204
7
219
0
0
0
132
0
0
0
0
72
0
149
184
170
137
36
0
0
20
0
0
14
0
0
84
74
0
199
32
204
0
95
0
0
193
0
0
0
0
175
170
180
163
0
0
152
76
200
100
0
187
0
2
0
7
0
0
0
0
0
0
246
70
19
17
198
0
0
56
123
0
0
249
81
57
64
27
0
203
0
0
201
0
11
222
0
58
0
150
248
14
20
185
82
0
203
0
0
50
0
0
0
114
72
0
0
0
122
175
213
178
0
169
0
129
181
0
0
208
0
70
0
5
165
0
88
0
0
0
0
22
207
4
54
204
140
0
0
7
124
57
0
0
0
136
163
56
0
0
256
90
0
118
228
173
0
0
0
0
42
57
0
0
0
0
196
10
0
168
0
225
0
0
250
0
41
0
0
70
0
246
150
154
0
0
0
0
0
85
0
0
0
0
0
223
141
0
133
0
176
0
0
214
0
0
246
0
61
0
0
0
0
104
204
257
83
0
0
7
120
0
53
0
161
0
122
0
0
0
67
0
0
223
0
0
0
11
0
0
0
58
53
0
0
163
0
0
0
0
199
119
209
0
116
0
101
126
0
0
32
128
0
0
0
0
81
109
0
43
9
0
0
0
0
0
0
148
89
0
229
35
49
0
0
46
189
0
185
135
191
110
0
79
0
202
0
0
0
207
179
0
0
0
78
186
0
0
0
186
0
243
200
0
245
0
61
242
19
0
0
0
0
64
0
199
0
218
0
0
148
87
114
0
0
0
0
0
0
0
0
0
100
0
0
0
173
0
145
0
139
257
89
101
68
202
0
60
29
12
0
229
0
0
0
76
161
0
184
238
0
0
0
222
206
0
0
0
39
60
0
205
134
50
0
150
0
59
20
216
88
8
173
217
29
73
35
0
0
143
0
76
165
59
0
0
86
11
171
57
168
0
0
228
68
0
0
180
0
29
206
177
0
0
63
156
0
0
96
0
237
0
44
0
0
36
0
0
0
196
0
0
0
0
144
0
0
209
0
0
0
135
0
0
0
11
0
133
124
85
0
195
0
27
0
0
144
93
127
0
134
0
0
0
0
0
0
0
0
151
0
216
0
0
159
51
110
223
89
0
0
0
120
200
9
0
211
0
0
206
154
103
0
42
31
147
131
126
0
64
78
83
159
141
0
0
0
137
0
178
50
0
0
0
23
164
0
0
227
201
0
45
0
0
0
98
0
0
185
49
0
0
200
179
0
0
218
0
0
248
211
94
0
13
240
110
227
220
0
0
111
179
0
0
101
172
0
0
187
213
0
68
0
13
15
0
0
0
0
19
207
205
46
170
0
0
165
0
0
212
114
0
0
178
0
0
127
0
0
227
0
138
77
0
0
208
186
31
39
0
0
0
234
0
0
160
0
0
0
0
0
214
0
0
158
101
0
0
0
72
251
0
0
0
0
136
24
25
48
0
60
68
0
0
0
0
1
129
110
0
173
0
0
