935
4
336
614
889
521
946
721
411
694
844
19
585
186
301
661
195
433
570
206
124
827
342
986
362
968
9
933
526
363
681
112
730
544
597
819
76
504
25
422
69
525
65
347
483
260
27
665
414
813
850
26
3
592
30
298
690
145
719
748
574
54
249
102
74
188
209
824
718
115
155
307
740
154
328
860
379
808
542
462
652
746
309
524
997
670
52
150
782
673
616
599
437
787
448
668
489
753
463
91
297
595
973
629
672
924
423
450
881
217
710
474
408
42
278
127
945
789
370
158
869
499
586
196
962
118
181
980
970
727
918
958
964
873
348
242
517
927
758
979
258
14
165
765
566
752
267
511
969
100
956
494
917
763
828
877
922
285
847
575
5
841
613
820
345
982
59
682
896
281
386
413
729
998
479
172
401
392
953
783
80
496
835
119
492
780
108
221
442
53
651
711
378
830
523
688
63
293
649
55
253
191
167
637
346
990
606
126
312
809
20
377
564
37
232
520
189
365
68
287
617
981
976
288
245
326
490
875
750
156
453
487
322
811
863
579
233
415
884
894
674
642
193
551
385
568
535
48
478
963
703
838
180
798
683
928
246
50
814
358
210
236
372
548
885
974
319
848
650
223
275
252
151
603
473
404
179
886
204
420
460
793
634
779
77
104
146
931
541
259
330
295
573
788
658
78
300
643
355
485
230
726
402
715
149
878
142
166
539
409
176
266
626
581
192
633
578
477
767
331
559
66
640
609
749
790
261
775
601
825
350
152
916
31
160
999
240
187
836
610
954
64
842
547
756
0
212
891
183
421
796
143
818
755
792
977
33
15
632
560
600
194
887
214
781
872
380
934
583
203
590
2
390
757
384
228
743
254
250
276
866
537
144
482
890
724
693
117
343
771
942
529
114
961
366
427
286
802
676
580
498
754
678
394
515
679
403
17
62
940
741
213
608
368
299
456
120
698
991
481
519
923
480
695
594
243
216
903
871
713
708
106
619
876
121
178
501
111
255
553
7
930
357
257
506
391
123
96
555
317
83
38
550
122
141
533
810
576
472
971
344
382
207
794
641
292
36
803
761
720
256
856
306
834
455
374
215
929
766
607
383
611
778
452
513
880
371
704
85
738
774
289
735
837
247
932
444
591
598
527
895
920
627
16
129
806
926
334
369
909
302
290
556
687
72
338
376
671
248
316
227
983
662
75
360
103
620
23
516
224
644
493
98
865
35
799
821
508
393
874
587
132
563
654
18
995
163
469
101
636
500
893
97
868
113
864
815
907
139
57
854
39
653
497
938
88
388
305
669
530
218
356
707
109
84
147
522
503
220
177
274
406
897
957
618
823
912
484
279
905
396
657
528
353
937
967
843
622
831
318
28
93
107
269
465
664
978
130
294
588
883
105
959
229
900
327
226
915
717
502
205
505
12
914
512
709
44
268
201
486
804
663
61
461
751
902
904
638
303
239
951
445
723
604
148
470
208
965
518
993
79
685
989
398
282
507
67
538
467
190
491
510
443
731
985
349
418
219
436
656
572
389
552
561
416
832
333
264
82
211
655
171
6
200
984
361
906
311
972
468
464
734
514
867
582
911
476
532
329
440
987
910
888
833
571
635
777
131
308
175
947
975
769
992
859
855
879
701
71
320
554
659
596
625
702
41
199
536
784
549
645
605
241
434
475
800
892
431
116
271
351
399
352
432
908
86
426
689
458
412
159
225
913
140
341
531
733
534
438
405
955
829
725
280
822
762
845
133
852
732
325
407
354
764
1
716
425
562
45
21
222
612
13
759
231
335
805
375
602
324
791
182
495
157
996
839
471
34
919
174
197
90
364
692
235
161
46
428
768
817
712
861
966
238
262
623
168
459
714
58
857
744
677
315
373
87
162
265
270
624
296
952
647
921
577
447
153
283
988
737
70
812
94
826
807
593
184
339
419
631
24
332
125
400
773
950
137
323
565
439
925
699
700
543
359
198
99
558
943
870
646
666
134
680
395
797
948
435
138
898
40
170
429
457
509
92
786
569
705
387
722
56
424
639
882
304
234
772
728
11
621
816
185
684
851
858
340
849
164
32
272
449
949
901
686
95
801
22
706
853
263
291
89
936
899
136
567
314
739
81
846
10
697
628
862
273
648
310
446
545
557
742
367
960
760
770
630
202
284
60
944
941
417
667
47
939
441
244
696
169
430
747
745
540
994
135
840
546
237
29
277
466
795
691
321
173
49
776
454
397
785
589
410
615
381
584
488
8
251
110
675
451
337
313
128
43
736
73
660
51
