835
911
449
828
181
784
804
622
651
5
312
43
4
29
391
860
246
1006
156
308
600
761
819
937
101
380
56
586
632
835
897
626
405
336
627
1019
413
203
720
749
606
474
1008
284
525
438
748
1018
320
853
586
476
874
119
337
580
530
456
145
493
91
379
494
560
442
795
610
219
293
448
262
396
86
221
161
895
254
893
632
235
260
358
658
777
677
571
719
181
358
772
465
112
88
490
795
371
632
288
755
164
897
1022
180
779
126
171
601
198
123
443
145
135
772
976
220
71
218
487
325
497
523
901
248
735
76
994
249
943
318
158
602
644
488
156
951
305
947
211
876
763
464
925
513
1013
34
528
579
243
62
454
929
614
721
410
138
268
460
824
123
4
345
915
440
849
988
394
858
787
954
721
438
944
114
295
754
723
315
786
242
106
662
449
1013
22
7
383
20
578
444
64
580
658
6
325
994
200
983
445
132
583
112
1021
594
164
798
504
151
901
75
340
695
242
463
96
137
916
561
638
47
138
722
895
202
48
28
438
228
540
244
248
733
128
420
224
135
1019
433
566
191
70
796
783
725
922
288
66
907
483
245
880
927
732
965
214
49
767
348
542
54
114
154
343
308
609
575
296
452
271
938
845
466
409
1023
951
146
697
559
43
700
431
497
833
91
13
993
986
966
444
264
962
290
609
969
848
951
588
836
266
946
263
614
855
98
407
864
508
291
342
779
764
455
242
70
319
987
734
690
696
687
926
9
258
1016
609
574
50
1014
810
722
215
827
599
39
234
270
1007
990
149
219
832
374
984
654
280
980
588
521
101
482
361
205
829
12
678
316
423
264
423
192
348
669
536
792
540
46
310
583
169
745
815
569
45
442
51
485
107
574
568
410
147
289
214
563
39
237
148
179
596
80
562
372
201
996
598
283
414
316
450
605
474
824
994
610
585
897
196
986
435
759
339
714
486
706
296
760
424
424
631
365
531
942
782
479
143
18
455
593
639
629
867
731
151
280
367
293
985
427
264
230
104
740
213
386
751
834
563
915
675
356
970
920
550
290
931
178
858
909
15
280
75
681
866
747
747
554
916
600
926
558
196
52
110
430
336
19
559
860
123
118
272
385
458
343
501
459
425
189
128
601
634
668
416
752
484
41
801
468
434
1001
139
876
704
374
855
566
364
738
902
145
216
589
781
316
87
702
159
541
708
2
851
397
937
736
978
783
369
133
297
1002
774
960
981
492
429
129
711
321
690
916
929
964
135
584
489
264
559
627
1003
430
392
900
392
408
756
800
701
198
1008
42
233
633
264
343
655
406
619
240
36
862
361
375
714
922
833
699
55
199
883
411
830
998
1003
29
754
981
547
716
504
302
34
159
320
841
448
456
863
769
118
898
752
328
1006
287
1020
1012
227
98
90
427
573
916
947
884
373
947
85
504
769
145
787
477
935
969
396
836
385
452
54
489
761
575
118
458
156
904
200
854
6
224
1
996
72
812
649
100
556
47
141
670
492
872
318
465
245
541
78
350
85
651
309
631
461
731
748
297
391
485
782
343
668
745
427
367
479
650
597
435
124
179
783
744
398
644
934
879
870
136
1017
430
113
443
895
918
158
1019
830
660
793
721
1003
869
566
923
993
802
169
434
971
406
953
2
363
189
107
624
310
904
942
975
564
697
988
994
337
732
643
567
966
616
235
772
163
924
64
403
753
877
296
556
456
444
647
618
307
679
319
508
202
421
562
725
499
616
178
212
158
881
646
240
356
189
913
854
203
208
794
716
343
784
58
128
192
338
577
247
176
245
262
687
800
72
23
839
337
550
393
162
346
846
744
236
853
450
449
887
853
524
138
955
112
790
568
50
848
994
780
13
494
17
119
999
374
523
324
26
263
740
183
37
175
282
623
215
624
402
582
792
218
445
991
483
102
908
339
476
380
524
360
132
751
171
399
536
157
720
789
220
453
766
173
944
22
956
876
295
417
370
813
587
462
585
547
990
766
927
182
165
685
959
549
567
586
25
721
510
349
405
172
501
413
68
520
530
681
659
736
446
66
343
107
935
216
855
343
185
187
698
283
64
49
455
577
1000
274
644
13
411
284
621
736
797
436
189
768
918
349
679
218
32
407
490
970
943
477
835
865
204
1010
7
679
433
254
498
463
251
301
314
0
343
875
669
114
843
251
416
258
977
4
14
791
669
54
941
620
13
524
427
926
819
413
581
508
908
208
430
226
372
446
595
905
150
1022
799
417
332
71
842
560
458
845
963
865
148
253
475
84
733
339
477
141
927
535
699
625
861
776
338
0
0
0
