100
100
81614 701280 1049653 149682 0 4026285 0 474720 0 1230928 3294653 66341 4541330 2940318 0 713329 134034 1454979 1196506 3314547 1824822 21957 0 21535 0 1412152 3757456 135744 4747436 0 0 0 997376 1975533 0 21428 0 72518 93291 365070 174816 0 170986 117311 5711550 141804 374508 0 479450 1251326 0 343140 54245 2776024 0 62035 0 1560650 264250 0 1044115 1971063 210888 20221 1329501 3794157 0 503550 0 0 651112 1570493 0 132310 188163 0 208464 110529 0 0 6698150 5155744 185032 299920 2969256 1327274 2031393 1675861 2501172 892818 2587548 5282801 3909174 0 0 0 1031268 0 0 1809458
92451 673560 1780204 3562542 0 0 0 3355404 268240 0 1415790 0 0 712844 0 527962 108641 1113196 0 2642292 777770 6601186 0 0 1775600 2546416 634351 15738 2210708 3086330 120130 0 4538971 3562314 584029 20581 630912 0 0 450278 0 380328 0 29811 3001950 6422652 0 33440 739032 0 0 1099960 1272000 186960 151158 0 0 0 476500 4343857 549208 1355710 307536 0 0 3685139 1875750 0 588212 0 1174096 0 184098 0 0 0 0 0 0 0 3526095 776465 0 60074 0 305916 681420 790028 0 3068622 766400 2719866 2773260 0 0 313456 18791 0 429270 2121034
2455946 2115310 872976 1536204 933450 1754745 490028 4743310 0 6893972 2536901 2125246 2067956 2677692 267748 0 6326928 3830731 1953432 421960 0 5808938 3018096 448500 2833523 1113150 2675922 0 3563890 0 2979852 0 6521918 0 990492 767250 39650 0 0 0 0 0 0 0 1763675 4743162 7193793 535590 0 0 566104 0 0 226008 3196716 227625 0 300352 630720 1562762 353880 0 3052608 1857285 2763740 1805858 741182 0 632934 0 4268604 0 2981390 0 956300 715125 3767588 0 6713978 1634902 2659998 1683305 4885784 681966 881216 188955 647425 218101 443118 457380 3035535 1406475 638250 1587865 288925 3496448 4048556 2097984 2113499 0
831081 0 1513906 684714 0 126603 825660 0 0 0 815235 0 1041348 0 2968196 530000 0 848188 0 3618222 0 0 0 2482000 360931 0 0 0 3862343 468961 492783 165132 1986000 0 122598 837336 0 0 3037265 0 204149 668000 688919 1643488 0 0 32132 3228000 0 0 228248 2722000 0 0 0 754770 0 1024286 0 8033 0 0 369910 0 504849 2381995 1956955 547050 3924000 1402632 0 0 0 0 740341 648186 0 2302300 0 0 0 750240 0 151242 42504 2023038 0 245145 3190000 0 0 560031 0 334000 0 0 0 0 0 88821
1202100 1011101 939667 262720 0 1495187 6102836 2689685 794048 893664 632276 336106 860425 0 0 935207 0 0 611824 3384061 1324836 1251315 1034092 1180624 0 0 0 2086695 2073132 1674186 0 1267992 1988925 0 1880310 428325 0 0 0 1193895 1534128 425958 0 0 0 2100122 1437791 0 0 2072398 1656038 93167 0 3198520 1060623 289600 924027 2905057 920114 1536574 3727379 0 0 0 36735 0 0 3324238 0 0 1933578 2062833 426465 2190785 4161616 657352 1152379 207231 1835337 709811 51987 2686234 1891516 771979 3602399 2170917 492366 2223129 2870928 1337985 1788485 792886 2870241 0 0 1077193 0 674549 0 5326735
2115256 369000 1927391 292830 980405 61722 0 3521464 1536834 0 0 0 0 25344 1188 1303281 2202970 845992 3212546 0 22275 1650698 54813 558140 65157 0 444816 0 1118172 2307074 167166 38643 524800 860330 1724898 11275 30888 0 249473 0 1785630 58212 0 3040444 0 0 0 57831 0 1016834 0 265995 406780 45510 88134 1248720 0 7076528 2951767 2306845 284950 247779 592143 1126088 2452198 5776330 0 1482598 0 0 1513192 0 992527 0 360934 0 0 2338512 0 0 1930075 791135 0 3377534 3216408 6501 43527 305450 0 0 1135300 1057238 179127 0 0 0 5181799 716548 0 0
1118988 36652 0 865600 675234 3106269 115346 111293 0 0 2662300 1221308 1857794 1731040 0 156800 0 3503130 40370 1002064 1822921 1180216 3724581 0 2900250 3229227 0 2570500 1578876 872345 0 862325 451546 475575 174900 1964751 86632 0 0 1390558 661254 187866 786326 1119758 0 457324 2765350 0 545828 4440936 198254 0 0 1298358 0 1035660 0 1981234 2295360 578476 688126 1926207 204850 738178 396187 1545912 0 40260 226348 0 2452094 1151529 0 2454925 0 1126489 0 0 1388374 0 2504424 1563594 1013320 2481858 2586084 1246581 1508178 0 2263973 0 2138672 0 2826957 0 206125 3180936 2742992 2351200 86308 5040925
0 0 2070 0 0 525626 0 335050 0 322380 0 264086 0 1674880 0 0 308160 0 448123 0 0 14989 27508 0 0 0 0 0 1317061 1532601 4860 0 1919925 0 1769670 0 0 0 0 0 0 66792 40250 0 0 629958 1684731 0 0 1052898 75854 0 0 953552 292680 0 0 0 0 437696 32400 1345551 0 0 0 0 150476 407358 0 0 77740 0 0 0 0 496316 308880 12604 350820 0 2312022 0 209078 0 4127071 0 0 0 43884 0 1766396 0 0 0 0 0 475036 0 0 3102776
671816 1392780 1728648 1188147 0 854700 0 1606581 709398 1141548 0 0 0 1834650 0 1733598 849243 0 40448 1593222 268800 231660 1179135 2408472 0 0 569430 897120 0 0 0 0 0 0 1169792 0 769749 1767795 1243032 1277100 0 0 590750 1350385 0 1492452 2475090 0 0 3568672 332448 99660 0 695535 1134540 0 0 0 0 0 489720 1819248 1670722 0 0 1877010 0 0 853452 0 1247400 1272480 444296 0 440465 831147 1377720 0 0 0 1261425 238848 1222860 0 0 0 1816600 11778 1098978 240640 1503517 2059725 0 0 1709622 1773042 0 2280822 1201356 1821754
0 2836278 2476519 954207 0 0 850959 2629227 3257192 0 610640 0 972024 0 1321686 0 0 4486570 447653 0 1283508 74035 0 3111568 1978673 0 0 2293581 435530 0 0 86190 0 3525102 199805 0 0 1218366 871060 0 0 0 0 661752 0 0 905364 1394214 0 0 0 0 0 0 1092576 0 0 3568684 1195604 761434 4395641 0 1010808 1008840 3222708 2022828 0 0 0 0 2396441 0 468747 2134332 4129695 0 1847088 0 0 3702059 0 818588 6004372 1016262 0 44002 0 311606 99790 0 1579236 0 59585 0 1976166 0 0 1777793 0 1700308
1100198 1165472 1760160 1318239 0 0 0 0 0 0 0 0 1871506 4892000 0 956406 3944285 0 33764 2472330 1410486 78525 0 0 0 0 1552712 2468804 1962285 126684 34056 0 158700 0 338920 4433466 222208 2553365 177749 0 0 133952 0 0 0 3593622 3412990 0 260288 4869812 0 0 521450 926859 284746 2271552 0 228932 0 0 0 3312251 2017668 2896430 276172 32032 0 672687 0 0 0 2829294 0 452188 2475775 4870402 1835928 0 0 0 4370950 924001 1629564 344745 6275721 107744 1040052 1515492 0 3612873 5356940 2086767 5820540 0 0 2725160 714820 2370695 2235772 2335694
1496260 993403 95570 0 1236374 1767840 5364479 0 1751330 1870242 1290000 0 0 0 0 1584331 0 96520 0 1568650 0 0 0 0 590522 0 499552 88752 367392 1330938 1515036 0 0 0 0 3173106 382270 0 2197100 0 0 721614 0 2029460 0 0 0 662516 0 0 2104510 0 0 1434569 1651196 325352 1565391 239591 1558762 2156142 0 0 1845004 314632 3360900 0 0 0 0 0 0 0 1038192 924272 635696 1022152 1464455 0 2332365 0 88071 1827710 1054100 1307807 1013040 0 0 0 0 5341959 3141145 1806862 912272 0 0 1824869 0 3825868 719312 289560
271165 1012690 541632 0 0 164268 0 0 0 0 1962787 0 415436 0 0 0 0 1100528 918344 0 0 0 320292 0 0 0 0 120314 498044 0 0 0 0 0 614544 0 0 0 0 0 0 0 0 0 0 0 386946 322416 0 0 0 0 0 0 1155574 84727 0 1329016 0 1274489 0 0 605834 0 745694 864542 0 709800 0 0 978348 0 1407394 0 960596 0 0 0 0 782698 0 973440 0 0 0 0 0 0 194544 0 674954 1121998 0 985180 0 0 0 0 999068 0
1662466 0 1271385 0 0 5901857 0 0 1974728 0 1974820 0 0 0 0 0 2321680 1793101 1875107 198105 2661577 3007004 0 438665 2077010 0 0 0 878817 3751939 0 4206002 3052825 2207787 2212200 2341320 431032 0 2931814 0 1694220 0 150870 6296538 0 0 2315436 0 0 1957240 0 0 319705 0 0 981420 0 4960590 2440438 0 443445 1379127 1234378 638375 1960917 1060231 0 2110108 0 0 0 0 1177382 1820995 0 0 0 1837932 0 1913868 0 1158624 1613324 609120 2029755 0 0 0 0 173664 0 1925924 2081765 0 956905 2226948 3649646 2679928 264382 326496
855420 0 110730 1961438 3854257 4976536 2125100 421854 0 1165941 0 3359678 2113627 886662 0 2268447 4244262 0 1471434 3150716 0 1988292 4201834 264333 2491833 472833 932542 1166892 3808478 472311 555219 0 211509 0 1492608 452166 0 473162 1591135 3759925 0 4452686 1493625 70295 0 0 3517071 529779 412385 5703582 2814843 3258411 0 1270053 8264678 397367 0 0 714195 0 1525496 0 2384148 129727 2391410 2787894 3311199 0 417906 0 10353065 3659344 671814 0 2882516 421447 2477292 467718 1268799 0 880803 397398 4080492 0 417690 2558991 3220770 0 3852874 0 2254278 1546014 376142 35571 0 0 3019132 262616 296582 157675
662688 476850 1357968 0 0 0 1500675 2052907 0 453123 0 273493 0 5923566 0 2040000 2852761 0 0 1907409 0 43181 0 0 0 0 0 1023825 0 0 6831 0 1150050 0 1843991 790659 1127100 0 0 0 709137 2444175 0 0 0 2732315 417197 0 2385525 3038472 2579325 0 0 487104 411378 972317 0 2239380 2353509 1178502 179840 54400 0 358275 1171725 645801 95381 0 134048 0 571155 0 0 0 0 0 434148 3196000 1315321 0 1313137 0 0 2829270 0 0 110925 0 0 0 0 0 266475 0 2713200 2102468 3243863 0 0 0
0 0 0 1261750 1107750 0 1287119 0 0 0 0 34317 826956 0 0 431892 398231 1766464 0 1108330 0 0 0 14885 791693 0 1501883 0 1512000 0 0 68154 0 0 38258 3263370 363428 0 0 0 0 56499 0 0 12469 0 0 35113 0 0 1486942 0 0 0 0 2109394 0 0 0 1334024 0 0 1096459 1565425 1129113 0 0 0 0 238160 0 0 0 0 1891670 3041665 1034711 0 1739808 0 30414 0 879326 308016 3014550 0 0 62678 0 1201365 5892384 0 2800794 0 0 0 0 2231820 2164306 1317750
943573 655375 3640464 1102297 0 0 0 1570176 1634384 1748808 0 0 61152 3863700 0 600607 0 3773135 0 3984267 2592567 1659965 0 3886596 0 0 446428 1369728 3969549 374512 0 0 0 0 513113 980034 0 0 2623584 0 0 273558 374928 412647 0 1368092 0 462880 0 1301391 234684 0 2400 3787722 0 290753 593427 4981331 590914 1350038 3650574 3831264 0 281173 9024 0 0 20880 2105257 0 0 92448 279936 350384 2419358 913453 0 0 0 0 74941 723062 1059840 924469 905310 1885689 33984 1367055 5203206 1359484 1177180 1411066 5439426 0 3600396 4425749 260107 457924 3172826 2297219
552061 31460 36450 4037399 0 3462414 4231008 177190 3271688 659120 1818782 2035056 1291489 0 0 0 0 2919756 3181350 4040287 977130 1902431 2329656 0 1914528 0 1461729 154570 1802623 0 0 109692 0 0 81438 1373067 0 3865698 0 3171201 989345 1176120 708750 0 1641225 1249424 0 2144142 0 490490 3271104 1787651 807400 1427580 4953099 643948 0 1327270 3227532 2351222 1059132 0 0 187565 2170300 0 1454760 240625 1232712 321200 3449790 2122728 2021490 984696 1703018 799932 1346787 221940 2144961 1585045 0 2525995 1488121 407000 275275 955735 1481073 867408 1861520 2754505 2456605 1680836 2348950 1393700 0 0 0 0 0 1131003
2605468 2059090 4747312 1172346 1146360 244825 514845 162925 1410183 0 0 0 0 4672677 0 2799082 0 398370 0 1111217 1067556 0 0 4797258 0 0 0 963736 1404864 601664 25776 255325 0 0 0 0 983926 2569729 2470972 0 0 1742651 0 163539 0 0 0 0 0 0 221523 406060 0 0 215516 1047144 1854666 457138 1846812 1720845 0 4969136 753651 1452048 0 0 0 0 1696542 0 0 0 0 2435379 0 1344290 0 524267 85365 0 104346 2165460 0 1560226 0 0 289800 1170445 2345613 1730097 1576407 2141693 178540 0 3398487 5686651 0 656904 2388126 1710542
1656021 0 462489 768586 674778 0 0 0 0 889384 0 2147131 0 1701944 0 0 2856456 1133270 1224902 1736984 1318491 12673 849758 29120 0 0 30016 0 3341944 0 0 886635 0 0 0 232047 697088 0 1627920 0 0 2063292 1521478 0 0 801895 0 0 0 1076119 2343229 0 0 1926306 0 971865 0 0 0 1079466 0 298452 1052299 0 0 547485 2552116 0 0 465920 2401490 0 0 0 0 0 0 389354 55965 0 284924 0 0 0 0 1715786 0 682623 2824780 0 1033487 0 1860979 0 0 617044 0 430664 46592 802698
215640 0 1601810 279720 0 0 0 0 0 0 0 0 0 2301770 1693208 475055 719280 2124853 56880 2565987 378000 17407 1001250 656880 0 2291240 2640097 0 1514409 0 0 0 0 3205335 0 0 58072 0 0 0 0 0 149158 0 2701125 1034136 237524 0 0 0 0 0 0 0 0 0 0 3161659 428750 0 438413 1562613 0 0 910112 0 0 0 0 0 1056440 0 447440 0 749224 0 0 0 0 0 2402166 335880 0 0 2274961 1194930 0 1379246 2802228 338400 4623962 2315250 0 0 423164 33796 551668 0 0 1882864
0 710226 0 0 0 934532 4173616 621908 0 0 2267620 0 12065 383144 0 3794576 0 1556508 1173469 0 0 0 3291225 2500560 706420 0 579704 1524897 1141690 0 0 1043582 2477420 0 1422429 1274113 2292738 0 2283380 0 0 3640383 0 550506 0 3297084 4748490 472644 3553029 2423124 3841677 85500 0 0 0 377554 0 800360 0 0 2116974 6016 0 898733 5209725 0 0 449597 109098 0 1340603 0 2103724 0 3589780 1425298 0 570952 320796 0 0 1844359 0 0 1194599 132275 1271421 816838 614560 1364724 1007640 0 1455535 0 1910916 4108353 0 2378084 834724 1488905
0 113498 0 828800 0 5104134 0 1581726 1311429 0 353510 0 2087932 0 0 978048 0 72276 121900 1069750 0 1112664 0 0 1920744 2864985 404570 2261461 0 0 0 1260576 0 0 0 1554885 286251 0 1645230 0 0 0 0 1519698 454250 0 0 0 347060 1506344 0 0 0 367780 0 1594900 0 699279 0 0 873747 0 0 0 0 2380680 0 0 0 0 0 0 113967 0 753683 309312 0 0 0 0 0 2841460 1220810 0 0 1919715 3033430 0 2380996 1765152 0 362250 0 0 0 0 0 0 0 492131
307257 15488 0 557232 809508 955396 1364428 87232 0 0 0 0 1922648 0 0 0 190256 1065285 0 164385 754832 0 1665483 1893996 2868788 483526 0 2242356 0 0 0 172920 1916792 0 1886400 1210072 0 269968 810160 2119933 792748 0 787210 1380216 0 1368934 5624730 0 0 1248320 0 0 0 391792 136344 0 0 1154859 0 0 487197 1558733 2232984 1273532 0 0 0 0 0 0 0 0 1019536 0 314160 0 776064 0 0 0 0 0 747712 0 0 0 0 0 728222 2720417 927732 882096 132392 0 0 4277211 0 1316292 35196 1208254
0 0 4001125 1439200 782460 7692279 0 0 0 0 390062 0 3088883 2141952 0 257056 2054000 0 0 2940300 6394832 1968782 0 0 4445671 1707178 134560 1605420 2029481 46626 565783 4108725 826200 5258082 0 1840824 0 0 0 0 766260 0 1541745 0 1758534 2319440 0 1565652 602665 3814018 0 0 0 1519181 0 825392 0 0 232000 2261361 0 1415475 976050 450309 0 0 1950310 0 0 0 1066129 0 0 0 0 0 0 0 0 0 824128 0 0 0 0 0 5702736 1094877 3458159 0 0 1252800 0 0 982125 1784768 0 0 3659649 1131570
221630 303468 0 287490 0 1454544 0 1709202 0 0 0 2922556 0 0 0 0 739260 376156 58460 0 388500 0 0 0 0 0 0 1491006 0 0 0 0 0 0 0 2864836 0 2077920 0 3749876 1122077 0 0 0 0 296740 0 0 0 0 0 0 0 0 400192 513708 0 3155218 0 0 2336202 0 0 212729 0 0 0 0 0 0 0 0 304722 3547856 2015178 2882152 0 0 0 1797697 0 1433506 5215957 0 0 0 0 1302548 0 347800 0 0 0 0 0 0 0 0 0 1328098
273372 2986616 2250594 0 0 451485 0 139957 0 18072 2156800 2329962 2024896 0 2607856 230508 0 0 4153060 3719070 339948 0 1640559 0 370903 3120129 0 1719876 1438733 928311 8208 0 198055 0 1378476 0 12186 461472 2668540 0 0 2608309 1954534 1443968 515870 0 1033848 685080 0 2137600 2542758 158790 0 347995 68628 1322660 0 55176 0 56508 0 310308 513667 462384 490200 6377028 4840879 0 0 1232352 5135842 0 805010 2097784 0 990774 0 2445308 0 2091224 0 1996894 0 0 37344 3127803 779730 365256 1471068 437076 1986632 0 2273600 2209845 0 205400 0 36108 2240997 177168
0 0 455832 0 979941 457632 179010 0 0 3393733 1727500 1845 2634502 356616 1494836 23220 3650217 3149820 1001876 0 0 0 1974813 2444878 3979075 386220 2141533 118852 797852 0 191316 312510 7099374 0 3658600 0 1511952 389610 245993 0 0 673741 0 2551260 267730 2396292 4968650 0 336980 0 0 82410 681650 427133 1141532 765 0 3483618 0 1682308 0 0 4114668 0 4136412 41470 0 1849305 574269 470080 355347 3915558 7693019 698838 3613383 0 0 182286 0 0 0 2602117 2653212 16560 173533 1194425 1876134 1217657 2473926 2354214 2502758 1108364 4301008 0 1303274 4347644 3474238 390216 47008 0
721689 0 2279875 0 0 468504 174050 0 1939007 0 0 0 0 2378320 0 340308 0 3138784 417279 2174650 0 127712 0 0 1987075 0 111780 0 2169258 4147474 2712975 119652 1961325 0 2136362 0 114080 0 0 1458115 1123925 68770 0 0 0 1351852 1594739 0 133630 1341114 1256600 0 230000 375132 0 0 0 3790448 1046880 44225 0 3310421 2419132 759542 1868232 384905 0 2440542 103234 0 76228 0 915351 0 2739688 0 0 0 633217 0 3440892 2935974 0 3420099 6273252 1569640 0 1349625 138532 1871135 3230108 0 82718 0 0 0 1778936 0 0 1871968
2963591 0 0 3422214 860880 0 2944260 0 0 0 3048687 0 0 0 0 0 556320 333200 0 14020 1329797 0 0 0 3028854 0 0 0 5250515 2437523 205393 588852 1402115 0 437178 2985896 0 0 0 0 0 0 0 0 0 0 0 0 0 0 0 0 0 319656 0 3567310 0 0 0 400044 0 0 879640 0 0 0 3200441 0 0 0 0 0 0 0 0 0 0 0 71400 0 0 0 0 535800 0 0 1165062 397467 0 152760 1318520 1997041 0 0 0 0 0 1758600 733947 1340811
0 0 0 0 0 608565 88880 404985 0 0 74800 0 0 0 1208274 492420 0 2140656 54835 0 1173372 0 0 0 0 0 0 0 53350 953904 0 634665 0 3222618 24475 0 0 0 106700 0 0 0 0 604968 0 0 0 0 0 0 0 643785 0 0 0 0 0 37400 0 798093 98230 599697 654828 0 2752272 0 0 0 0 0 62645 0 0 1951188 435444 155730 1688592 0 0 0 0 86185 2577762 946092 0 5390 720360 38170 400200 888705 0 0 283065 0 1806594 0 0 0 0 69575
0 0 0 971908 853284 0 2423093 0 0 0 0 658174 0 0 0 64872 0 1121300 438423 2438218 428982 0 0 0 0 0 0 141192 1164672 0 0 0 0 0 0 0 0 0 0 0 5241936 627732 572718 0 0 2719548 0 0 0 0 2799274 0 0 68370 0 868112 0 3262722 0 1617426 0 0 624798 447360 0 0 0 3225105 0 0 0 1640639 0 2537470 2520037 0 1947917 389337 3173121 3780480 183168 2288640 839040 0 0 0 0 2888067 0 2261655 4330041 0 0 0 0 0 0 923330 17490 4102622
673190 0 559056 0 0 436251 0 0 222019 939032 2927380 0 0 870460 494705 0 996125 1433480 0 2028154 1938143 17777 0 0 0 0 0 0 2131471 0 0 0 718015 0 0 588738 1066475 0 278530 0 0 0 0 257278 0 1703505 0 1224452 66830 1279913 0 221500 1288515 2033838 0 400289 0 1716318 0 0 0 0 1850480 0 845937 0 0 2038326 282634 296660 0 0 0 0 1240533 0 0 563496 831068 0 399676 1257120 133630 0 0 1012531 0 1026354 1551158 0 0 0 1787013 0 0 865556 0 0 0 1603138
7650077 1843093 905850 3213394 0 5544861 9411104 0 4223790 0 8400000 1907998 1592640 0 2152824 2939461 0 712396 4435614 12800 1214080 0 927462 2681316 1809308 0 5124981 0 3089773 0 187520 774972 0 0 1433763 8161840 571900 816480 8840433 2305314 132432 1338834 0 3706070 2340375 989204 0 0 0 0 0 0 0 291840 157248 3744022 2904321 4171217 3704983 0 3445194 0 0 0 3848056 0 646400 148185 0 0 3664041 75383 119418 3225486 115789 1132488 0 17889 0 1133990 163401 8647478 3016424 2426417 0 2486692 1922805 4099755 3562884 0 3270942 6311364 0 0 0 3385739 0 489240 670080 7040240
0 0 1503135 1471626 0 3287095 2438912 0 1220095 1287506 0 701778 0 0 0 0 502458 0 1717401 0 2000567 0 0 2039958 1096554 0 0 1334592 0 1130391 0 3009007 1997139 2176077 1283130 687918 0 1211934 0 900438 0 0 370440 0 121968 1114286 4688373 738374 0 4060182 0 0 0 1738343 96096 123354 0 0 0 928872 0 1036617 2788190 184968 3170319 0 0 295362 0 0 203112 0 0 851928 558066 692076 2049552 0 0 862745 0 0 2698824 0 1572036 592180 0 312774 0 2506962 0 2329578 0 0 719255 0 0 2281036 746066 1601949
0 0 11688 0 1044 292608 3653102 0 0 2317248 118776 51947 1251796 9144 0 653772 0 708675 1023951 529541 1695369 0 2626815 1148562 338100 482304 0 0 1887891 1984257 172284 0 2485725 0 2291190 0 109422 9990 0 0 0 247274 0 1458 334336 2546516 5128802 142520 0 1654295 0 102912 0 2393554 0 21539 0 0 0 10854 0 0 114944 0 6747783 0 593880 527406 0 0 0 0 1297228 8898 1298550 0 0 4674 0 0 0 0 0 466256 2807068 421811 1482600 633645 646198 3750312 118784 0 744453 0 733425 3269995 0 5116096 615636 0
3845408 0 0 1093600 0 6360701 0 0 0 0 868750 491608 2347139 1465344 1265424 0 3158772 1625802 275964 0 3714751 2922569 3684756 0 2772243 738615 2657580 59770 2612189 2407984 1942017 5884439 733992 2013081 3299141 0 1785888 0 0 0 2243904 3365712 0 2653179 0 2117232 0 2976160 457945 1987618 0 0 0 485285 574070 0 0 1342464 0 4595611 2587230 1257501 892374 189000 1295879 0 0 5838372 0 0 1538481 1277276 823190 1975480 1961908 0 0 303108 1243035 0 267178 0 264150 3528023 0 1220436 4411314 3223260 4073453 15477 2861964 557390 3594672 0 872515 0 1672399 122507 241066 5816190
0 0 0 0 0 0 0 0 0 0 0 0 0 0 0 0 0 1074390 0 165790 0 0 0 0 0 0 0 0 0 0 0 0 0 0 661340 0 762848 0 0 0 0 459862 126260 0 0 0 0 0 893578 0 0 0 1538000 0 0 0 0 1068490 0 0 371110 0 0 0 0 109967 0 0 0 0 0 0 0 0 0 0 0 0 0 0 0 0 0 0 0 369889 0 0 0 0 0 0 0 0 0 0 0 0 0 0
2756617 0 1691880 0 0 3039097 0 3473854 502686 0 2543871 0 0 3827198 0 0 5956425 1451700 0 1051986 1876459 14848 0 1414224 0 0 109746 0 0 0 0 4298234 567528 1556529 921078 271872 2548728 0 3590664 0 1534247 0 462931 0 0 939520 0 0 0 485376 78966 2756292 0 514352 0 334336 0 3956040 1756242 4114894 0 2758249 2711410 2504150 0 2052203 0 0 604764 1703520 1008990 0 0 0 0 1533607 0 1253802 1613018 0 2815523 0 112778 2401596 0 1259753 0 8346 778746 0 0 349890 615888 0 1960350 1979338 3462534 1224443 1208038 1066648
1010019 157454 1797364 2155516 0 1065204 495517 0 141680 0 137496 2140271 536256 1152488 1528512 1796981 1190125 3320224 0 3481316 0 1674860 0 0 1302224 1760848 440185 1284239 0 37230 0 540765 379742 2463342 511680 2098001 372164 2027192 2556960 2746141 0 807057 524385 846336 2075850 1380368 2610432 0 787691 3602378 851683 0 0 733568 293072 376203 0 0 329500 2801614 0 182028 1591107 1153181 402709 2381580 1007760 0 310684 722304 811888 0 194340 2724982 395648 2444474 1453056 1185600 0 0 0 0 5418832 0 21888 1361715 36627 953893 0 1315600 1054855 3430884 1442271 0 0 0 0 0 0 1100044
1109862 0 0 1192269 0 0 2075136 0 0 2487324 63024 135240 0 0 0 328440 407077 280434 425040 3672432 4827148 0 0 0 1440738 0 0 1796088 4891752 1170906 91416 0 673530 0 0 0 0 577631 0 0 0 3178140 2932566 0 0 0 2983086 81060 0 3706702 0 0 0 5755797 0 0 0 3110884 2276640 192168 96866 0 1679796 0 1968600 0 1512402 0 224502 0 0 0 0 0 452129 0 1660488 0 1377051 0 927360 0 1473844 2461617 0 1500798 518544 1245186 2299164 2133036 0 1887357 2648754 0 0 0 2150160 3858318 415214 0
725676 0 0 0 384825 0 1802780 1327620 0 1390501 1234350 0 0 0 0 0 4561060 0 0 0 0 0 0 84695 318855 0 87301 0 0 0 0 0 1489456 0 0 0 2754785 0 1349803 0 0 0 0 0 0 0 981654 874806 0 0 0 158250 0 0 0 0 0 0 605871 0 0 0 2773615 0 2028698 0 1092180 801378 437220 1355120 0 0 1192163 0 0 0 0 1310340 593754 0 0 0 1070913 0 71101 0 0 0 172002 0 0 0 489928 735096 0 0 1423486 835812 135512 0
4346468 1941699 418820 1045008 37410 3154634 164475 195510 1275264 0 0 0 0 1256172 0 3334443 1173952 748800 0 587625 1617451 131625 628500 360555 776704 0 0 0 0 0 0 3500441 489192 1341681 0 0 314330 1692279 1397760 725625 0 1694047 238784 52245 0 0 0 869856 0 0 0 56625 0 0 1841169 0 3059703 468303 4356122 1315783 278250 1094357 577918 0 0 470080 0 0 0 0 708750 723000 0 2125421 606144 75180 0 167485 0 0 172143 3572430 0 2556231 0 649792 647010 0 193200 429030 0 1913934 0 0 581515 3566877 0 0 160666 0
1647971 1805504 896325 0 0 0 3876651 795126 0 2000547 2449300 2591145 1005840 1521354 0 1432587 3189644 1433694 129610 971584 2112747 370175 0 0 0 2290515 0 3425810 773308 21090 81171 430950 84992 568875 57850 126962 0 2868008 252200 1575418 2027850 0 496521 1268618 134310 0 1841933 708180 0 0 0 0 0 0 3744427 1275100 0 3504268 0 2679063 739794 1928537 572360 3461811 0 2222206 421109 1386000 0 0 3424359 0 1828908 677326 0 2536430 1916772 0 2177033 3248850 1823879 4739515 721050 1230225 1585584 2958869 0 2409722 498950 3067134 0 1458036 297925 0 0 0 0 3702831 602730 3972163
1756725 0 2667042 351981 0 0 0 0 2057472 1413256 0 0 1426390 0 626824 0 905094 0 71574 2551263 3857445 0 1837365 3059136 922571 994155 0 0 4235192 2334539 0 0 492635 0 2025138 983745 0 0 755997 0 0 0 145486 1975694 0 363306 0 1826880 0 1051687 0 0 47350 3060954 0 0 0 380700 0 140556 1588140 0 0 0 178036 503030 1288989 411945 0 296208 0 3009621 0 0 0 1247631 0 486200 0 1839204 164004 1018312 0 1691940 8976 1893011 670476 1084707 2334514 1522446 0 0 4613783 0 0 422646 1026582 1747836 0 2819484
1465366 0 4619932 0 0 0 5172456 0 1250451 0 2127164 0 0 3863741 128077 466468 0 0 1212352 3328757 1670352 0 0 3253089 463450 2249824 244180 0 2026626 0 236158 0 185891 3147396 541120 0 0 0 6951614 0 0 0 0 0 2652300 149810 0 0 17302 0 196431 0 333591 367536 0 0 0 826880 1498930 0 2171776 3206776 318610 0 3609340 0 814060 0 1504374 76804 2422368 0 158340 0 0 0 0 0 0 0 0 1905472 0 0 0 119168 1339572 1400792 1937161 0 0 3143765 0 0 3013539 3125329 0 0 2961504 1943782
729600 0 2430953 853980 2461316 125892 2255275 3609492 1316928 1606400 0 0 0 0 1101405 0 0 3284172 2411004 0 1069590 1331759 0 1958064 0 0 0 0 0 0 0 2219052 0 5446565 375342 0 1152896 0 0 0 350265 554301 0 551460 122331 0 0 344487 0 0 0 0 0 228384 0 0 0 644955 0 104832 0 0 596910 66405 2508840 0 0 0 0 0 2699666 0 0 1778610 396930 1288472 1539240 0 0 1738386 298386 2408457 2524386 846885 0 0 0 614922 1795046 0 58806 0 1071829 0 1646805 0 0 4328339 0 2460816
0 3979746 0 912912 0 0 0 4070846 0 2650680 298038 1599880 909636 2933808 0 0 2845456 0 1125390 0 0 1085784 153300 1182600 0 0 0 827904 0 0 39960 277242 0 0 603449 0 1149 3149128 86394 743724 820743 1976436 1241000 2836780 0 2703920 4724648 1382 976740 2045120 464280 699298 35700 651508 2406480 0 0 2591820 1150611 1363978 999594 0 1286208 0 1698186 747439 557960 311856 319 310086 661045 1375164 0 0 483432 0 3811104 636 2885458 0 4652340 449106 1128512 1573418 0 0 3215272 0 953088 826812 36500 2243172 1450848 0 0 0 2951777 0 0 0
2692543 238128 2095882 2218342 908775 3855330 5929252 1580875 2761083 5701924 5656799 857555 2636928 532542 0 0 3440723 0 5619596 0 0 0 0 4455934 2455275 0 3451158 1169976 376929 0 683441 534996 3517392 0 397194 2712808 0 0 0 0 1984992 0 0 0 3874950 2893676 644759 127120 0 0 0 0 0 1805944 635766 2445310 0 1627569 0 0 1903572 0 2715939 0 4417015 0 147407 2221110 555651 0 1249803 1129898 2844267 2984924 3316822 0 670956 268134 762059 2114356 529023 3698370 3573138 0 167907 919300 1535350 1988994 0 3345072 479825 4904543 0 0 0 0 3361602 3780145 0 5478632
0 4169397 5693764 602252 2507585 4770070 1136790 861120 2620929 1223565 2627040 0 1011322 6052779 0 0 2596699 3083620 1819730 905139 0 2662628 983262 7856661 2993744 0 0 0 1636852 0 0 643324 3472518 0 2127600 1654620 4079816 5692022 6360448 662220 0 6220281 0 3534968 0 3444124 4028133 2299179 869700 0 180441 2425520 0 8580 2047168 0 0 0 1305158 3855000 1185558 2945736 1318428 568680 6042017 2104609 0 1534392 2143823 501402 3988780 0 3721761 2203738 3968951 0 0 1928426 1136856 1905371 0 0 4184174 0 62565 1254111 0 19071 2628111 712400 1862283 1510095 654860 0 4299087 5134965 6306871 0 1945242 826412
0 0 861279 0 1810317 3047783 1381315 421360 0 0 0 36490 879320 0 1080748 459240 0 2204605 6435393 131628 0 29484 1032947 0 864651 3219756 1526407 0 2549828 1948779 2218338 0 0 0 2571128 0 2021696 0 0 162540 0 2816639 0 0 2231954 0 0 767433 2368156 0 0 2213500 4829818 3897591 1313958 15130 0 1212352 0 820736 62328 0 3468823 0 3226881 291434 0 0 888355 299884 420016 161952 5340785 0 0 930656 0 0 0 0 0 0 392048 707510 0 1742983 3440598 880351 1788618 0 2435035 0 0 2613269 0 888680 0 0 1330556 3707968
170382 0 855382 1106427 5014446 432249 3456803 2854874 328536 0 1017843 0 1570902 0 0 0 3469251 2193348 3359010 0 341508 0 0 856899 696713 0 0 0 2228968 0 0 0 0 2459710 0 87216 0 343746 366540 1175558 112633 1449430 0 0 0 571052 1172281 224094 0 0 0 3935620 393424 0 3157654 0 0 0 337324 0 0 864358 802896 1578133 1057528 0 1304270 966000 463640 156512 4517094 0 969624 0 1869938 506503 0 1585694 645394 0 992967 0 2188414 198320 1105104 2691438 0 0 205403 1508542 419733 0 59898 1556956 29713 0 2299562 1488037 0 0
5086156 0 0 1566470 3150 82128 1788416 3908230 81361 1833080 2808658 529690 0 4072106 34164 0 2508375 456208 0 0 640575 3688290 1576289 0 2610 0 866058 0 0 2523328 13230 1111279 2978527 0 4793446 96465 1269095 0 102070 0 0 1892904 0 2874550 0 3860640 808010 3688584 425292 0 0 0 732000 880778 796740 641818 0 0 1018080 1899898 2903087 42016 9414 0 1696600 52338 184730 1655056 102320 0 0 0 70715 0 0 0 840840 2468440 1570807 0 942946 0 57736 4345983 582 362999 1251731 0 1473696 1838316 519103 0 1787916 0 2095548 337040 2725680 1672648 0 3589348
0 0 3708557 1227435 3756917 2181162 963900 1995608 0 0 0 0 0 3571020 0 0 1293444 3394959 3465363 1296005 0 0 967765 2113020 0 2789862 0 1659144 0 0 0 139992 0 3606185 708764 0 1856712 4185924 1685148 0 0 1777992 193670 306180 25612 197060 1310950 72124 0 0 0 0 0 0 0 1553080 0 1638955 846906 2279340 633235 25920 579576 0 0 2318256 0 0 0 0 2460579 0 0 1868580 0 0 0 2504340 0 0 62472 2344772 0 1245735 0 1869378 0 128744 0 355167 12312 0 0 0 1292760 1381925 1789116 3576157 0 0
1202730 0 442689 2119643 2586153 0 410368 5084891 0 2267806 0 2450842 0 2963252 0 0 0 1112308 2419745 0 0 0 969956 0 0 0 0 0 2565458 738752 0 0 0 1063095 1584375 0 1383111 0 0 1870618 616341 2355144 1419250 0 0 908692 0 16030 0 0 2674678 498580 0 118393 0 1570072 0 1946340 864057 1642370 114866 1886382 2407629 0 389300 561293 2913112 0 0 0 3962968 0 0 0 0 1493433 0 3177948 127995 0 0 0 0 1194758 0 0 0 0 1547388 2822300 2363641 0 219220 0 2320584 0 1703539 5467014 0 4373220
1817769 2525016 27765 309918 0 226044 3625341 0 39480 0 0 1386468 304165 0 0 1580193 0 3924270 4268138 0 2330433 466710 368966 0 0 0 0 2103798 174611 0 56268 0 852480 0 0 501367 0 3486432 0 582751 0 895884 539875 0 0 384648 0 0 0 0 1017433 2965688 1476808 0 532655 79833 0 378246 0 379572 462870 2127243 0 3169764 3969676 3198465 1108132 419125 1826954 587504 1042730 0 3639708 1298470 0 3245672 0 169058 0 0 3135195 690975 569296 744440 479479 426789 0 3202519 588618 3362871 112800 0 336990 2549204 0 0 0 0 0 1367811
66472 0 2049192 0 0 0 1695232 0 840942 1877604 279036 51912 0 2174850 0 126072 427794 1047980 2439362 2646850 2290494 67816 696620 3887328 0 34440 16482 274392 2340828 2240199 627548 0 2711700 0 2499480 0 531616 0 1473528 0 0 1219932 1113018 0 0 2800272 2569064 66220 0 2494940 132102 0 0 3442312 0 0 0 1087062 0 0 0 2156592 306516 0 4033349 0 0 575352 1011708 255840 1069143 0 1146800 1244797 1920280 0 0 0 57960 0 355968 0 110823 0 3062256 1059604 90100 768198 2926034 1742532 382925 585330 2256735 0 3111218 2188438 0 2321534 1483698 0
3970114 0 1530336 6014939 0 0 3791700 2527350 208880 295320 4670075 808192 0 2382760 0 0 5282158 866852 0 2540403 437805 2517922 0 0 0 0 0 1179918 1468416 0 0 758340 0 0 2196150 4736338 1883808 596299 0 1979403 0 1135602 0 740992 0 5628752 4948239 0 2206638 4567769 0 0 3798000 1505011 612066 4561884 0 0 0 2683283 0 778811 2457516 0 0 271557 2079150 0 458044 0 1622656 0 745446 0 466741 0 1714152 1728060 0 0 1094056 0 1521476 0 0 1231854 0 226665 815265 3298839 596800 5114480 2344945 1399380 0 2369336 0 2132294 0 3691779
0 0 1658853 994835 2124837 1825578 0 4429766 0 0 1574521 0 552874 1410060 0 944088 1613625 1431529 2081403 1272033 0 1406499 254095 614100 596988 0 0 29584 122464 1104009 0 1216806 0 2165985 696571 527283 54290 0 155949 0 1074048 0 0 0 0 2519025 222055 0 107870 1409552 0 1240092 0 114310 284144 648429 0 2991780 2165622 1887846 0 0 0 1126650 850840 862781 0 724098 0 0 2240954 0 764364 0 700430 868113 0 564102 725718 0 1763985 0 0 1816222 0 0 1827396 0 1260262 1703862 0 936782 0 0 429016 1433711 3870964 998817 0 0
820203 0 2042304 1169145 0 0 0 0 2459038 1570760 6344877 104496 0 2199580 0 253776 3590051 1049578 1480784 5439188 4570621 553541 372321 0 1115887 258300 0 552336 4392385 0 679140 0 0 0 714372 822519 1960194 960048 0 0 657214 2455656 2240444 0 0 3273089 0 2983564 0 2637347 0 3696704 0 3669550 860928 1011497 0 2558500 942112 334118 0 0 0 4078829 453180 0 0 2159796 544214 0 766054 0 658350 0 436128 1501917 0 2572590 3948694 517847 4670905 814517 733629 1157100 635740 1693705 0 1205595 2594690 504780 0 0 2989215 1145215 88107 2187188 0 2934345 1229779 859200
0 29546 32535 0 0 1051691 760006 881314 1940166 0 1444688 1113719 939918 709632 4968 126400 224388 65688 623226 0 462162 0 661572 925911 2148769 0 69966 149437 2355773 1496572 0 161598 932118 0 0 20846 199004 15120 396060 516310 0 1444671 632625 0 0 0 0 0 790049 100804 1352044 459648 0 1047728 895566 3738 0 0 0 1910908 0 0 0 1404782 72601 0 2828792 240672 0 0 1221870 0 1843600 25816 0 563008 0 198102 0 0 0 0 254994 1508268 800172 27186 188895 9478 1316430 0 529023 1326736 341225 0 0 0 449280 0 0 2159608
0 0 0 0 0 0 3907084 0 0 0 0 337736 1292860 0 0 0 1192954 0 189588 0 0 0 0 44590 0 0 45962 0 0 0 0 0 0 0 0 160844 1067416 0 0 0 1541568 0 0 0 0 1454544 0 0 0 0 0 0 0 0 0 0 0 0 0 0 0 0 854756 0 0 0 0 3506440 0 713440 0 877492 0 1357160 1347836 0 0 208236 0 0 0 0 0 0 2038036 1814076 0 1544676 0 0 0 0 257936 0 0 0 0 0 71344 1651384
663533 0 1570401 0 676200 0 1393420 730848 602280 0 223756 0 1164828 693776 3320156 0 384300 1936284 2625420 3605420 0 676949 0 1006992 1947246 747685 0 1387400 2666221 1305150 903903 0 750750 0 0 1010800 0 0 3397415 562038 662200 0 1323609 1838368 0 324576 0 0 738130 0 0 2055340 760424 7282 0 0 0 0 0 214200 0 0 172200 0 3070045 2664445 3523555 0 896140 1871464 716079 0 1874124 0 0 725046 0 2575300 578565 425880 0 0 0 753445 47544 2247567 0 0 1328556 105525 0 603082 0 1312612 0 0 516360 835275 29400 1768676
688727 0 107635 2514554 3564913 0 5059191 92316 0 1863620 30380 0 0 1371348 43200 0 2522822 1774740 0 1316570 810000 94374 1993200 0 1637185 0 618249 0 4047714 2401377 1706298 1773945 594991 0 0 0 1123200 0 677040 0 0 2116800 115661 0 0 98784 0 728193 0 0 1766318 0 0 1483020 899602 2210208 0 0 0 4020028 0 124124 3668654 0 3349000 227695 922746 2092800 0 0 0 0 78000 0 0 0 1229119 0 2137737 0 0 0 0 451200 0 551143 1582800 0 0 5055825 5891309 0 2260800 0 0 8624 0 4688248 0 2584296
0 0 0 180063 0 0 0 0 0 0 2298750 0 0 1272576 59652 0 2755761 4392880 0 0 1118475 0 4880201 0 2133026 0 840099 321450 654684 0 0 1940347 0 0 0 0 1550952 87237 0 0 0 2922948 0 0 0 433296 3333042 0 0 403380 0 0 0 126603 1519014 0 0 0 0 6272055 0 0 253692 1695120 0 0 0 2889808 0 0 0 0 1957739 0 68283 0 250776 0 0 0 0 0 2591720 623032 0 326429 2185583 0 0 0 906379 1759917 3121788 0 0 3038580 0 1681776 0 0
3075530 0 275424 3989751 0 0 2336152 0 154560 0 2186030 0 1052324 428840 0 95400 4412824 963549 820618 386862 2061150 2224609 214125 964260 0 197415 0 0 2015567 0 519057 301752 357480 0 451868 1690458 45750 0 1093226 0 0 120240 0 0 0 4221602 187125 581040 0 286296 0 489960 41300 0 0 1576426 0 348160 0 1485984 914432 0 0 0 1218647 0 0 359310 1045248 0 994369 1590876 352500 0 590250 0 0 0 332235 0 196904 3153337 0 0 0 50176 584808 355328 574200 4236928 441600 1023366 2997712 60120 333375 453049 0 0 0 5150834
2951950 526320 694260 3292684 454494 1936179 0 2510792 3386448 1710816 380972 0 0 0 0 0 922432 175910 1023932 2088923 3577742 459459 2193884 239540 4002118 0 0 0 3082430 944384 552598 83490 1674018 0 910800 16082 1153608 3543228 0 2532915 272832 0 0 1971286 0 0 953304 2309892 0 0 0 835019 174580 2228644 5427579 998312 0 1264284 6076232 990832 1377714 593712 332793 224924 946792 3387458 1904860 0 256310 0 2474010 2523752 484748 0 1609608 1473208 0 1003632 1609850 0 2752946 606730 95872 2827249 1108380 0 4179114 1505038 0 0 696101 0 280240 0 0 916872 2454800 3708296 1974642 3563774
0 4096176 1847660 0 0 0 0 0 0 0 0 0 0 1267260 0 412730 812500 249260 0 2699680 0 14500 214620 1655640 0 1990640 216050 0 0 0 0 0 0 2784810 0 265500 0 3789576 0 0 743545 0 1737400 3971492 2346750 4702988 0 0 0 474000 649992 0 0 0 0 326500 0 851840 372500 0 0 0 0 140965 0 0 0 0 0 0 917840 0 0 0 192136 0 0 0 0 1191245 4035860 721160 264385 0 0 0 3793664 0 0 0 51100 2011500 0 0 0 706000 0 0 0 0
432744 244970 0 1015300 463356 0 2045959 1122864 0 0 1442560 585822 346528 0 0 1048000 2677897 179340 1445534 0 0 1147896 0 98735 0 0 221569 525965 1397778 0 104300 0 1514014 0 351105 0 2942584 0 1563572 2985736 2673936 1255635 0 0 0 5174908 0 0 1225505 835780 1325065 0 13600 134400 0 471408 0 536520 0 0 1409154 2195336 4271188 184055 653081 0 0 3110325 0 1579760 1092396 2045931 0 2545870 2337897 0 0 361197 38430 0 0 1407451 21525 0 0 77322 267061 3226893 0 4146440 784049 0 1260743 0 0 104896 0 295728 157976 4413699
1128538 153154 0 0 0 615045 0 0 1242448 0 481081 0 420672 758016 569944 244258 1604862 1468092 165890 0 666225 0 2439496 1377240 0 0 1805759 0 0 0 0 1155777 0 0 0 0 1045588 0 0 0 0 1852320 0 0 618175 1562868 498002 0 0 0 0 0 0 659964 0 0 241338 636426 2082076 1975974 0 0 0 486688 1908176 0 0 1721328 181618 0 0 0 1532915 142496 1570852 0 0 0 1114009 0 13578 871785 0 3496781 512416 571584 1528778 435319 884442 0 1351860 643939 1859508 0 887222 352200 1739440 0 0 0
0 0 587828 2807556 3617996 1842785 0 872376 0 0 0 0 0 740280 0 0 333888 1577376 1624332 2229841 0 507234 2384948 12480 0 0 12864 0 3350151 0 0 0 0 1690340 0 0 298752 0 0 2753505 0 0 0 0 0 0 0 0 0 0 0 214873 0 0 2446137 1993824 0 0 0 0 1055866 696699 1674228 0 0 0 0 0 0 199680 3842826 2743544 0 0 0 0 0 0 162540 0 1071018 0 0 0 1014303 0 1135554 0 0 0 3916176 0 72192 0 0 0 245964 1250784 19968 2913960
380328 119160 1119509 0 0 0 944840 167349 84564 488943 0 873837 1696968 590526 0 504467 467376 0 92964 937922 0 0 0 1462237 796133 0 78570 0 1874873 1034423 1094340 0 1163465 0 161408 3641 0 0 1016782 470366 1206211 334334 0 378766 0 713232 521053 1615614 0 186628 516748 1362361 66600 0 443898 0 0 0 317538 17719 141158 216864 38218 0 1313660 894841 102921 1425240 2065698 0 829438 2995708 107948 665480 660908 0 468468 102108 532077 0 992642 975193 0 333606 0 606723 943056 1398205 1727599 1542456 205058 58860 2706624 167167 203796 211356 0 276632 143208 1659342
0 0 797780 1408918 302334 696240 994320 0 179480 0 2375176 0 1401120 0 0 655956 1966809 2272129 0 738668 550080 2121710 820527 3436815 1792624 0 291237 0 0 1845562 1291998 547074 0 0 749722 0 1992174 0 590400 0 381766 453519 0 0 100089 3998990 777151 410019 0 2865816 426832 0 0 100860 294684 0 0 0 0 1844570 0 0 1965194 1065840 3020654 710220 0 0 393574 1176240 0 0 1518892 2190166 2261838 0 0 0 0 0 244134 0 192536 282828 0 514374 0 961548 0 1666600 1799318 0 4557528 0 1277493 102027 0 0 117624 1393534
678294 535681 4498773 0 0 0 0 0 1120473 0 1137712 0 0 5057855 0 472760 0 1019250 572015 882927 0 574530 887794 5128891 375235 0 0 0 5311634 1024646 0 140917 1771512 1122375 924774 0 0 0 1963332 0 1149115 1600442 804825 743706 264990 180776 1202620 5110836 0 1127584 176013 2428024 0 0 0 0 0 1316480 0 2243155 1097889 4906362 0 917920 925749 0 0 0 4848210 157611 441285 0 0 1049092 0 0 0 0 0 1841015 3200040 1114520 825365 772620 2959658 0 0 18603 4581283 0 2668744 779895 1199324 297928 2700297 4068197 1186490 701656 3086676 2656724
3161862 343156 0 0 0 2547265 0 1932734 0 0 1556250 337084 0 0 0 0 0 0 189222 3082289 0 690417 3296692 0 2422251 0 0 1793072 3140439 4065611 0 0 1293435 0 2489476 0 0 0 0 3806145 1538592 0 0 2002044 0 1451736 0 2245760 0 0 0 297017 0 981948 4409643 0 0 2114238 2740320 1503231 6053528 0 0 0 0 0 2299239 1721610 270226 0 3717630 4668174 1597044 1354540 3623960 0 0 207834 1657513 0 201608 0 1304560 5042851 0 0 1569666 1541694 0 0 0 998490 0 0 0 0 3850044 0 0 5055530
2011344 1283744 1357464 880000 0 2819928 0 0 1527083 0 476870 0 1888700 1186680 0 1053462 0 31084 369242 0 1553622 3787795 128781 1431936 2039400 0 0 1402532 1082367 2775289 37512 392346 0 0 467334 668715 164005 2109008 1099599 1347812 0 325251 0 653582 71781 654728 0 349197 368500 1599400 0 0 0 390500 313642 188770 0 430364 2105213 0 0 3525993 920544 2113176 0 0 0 1820258 0 0 78874 0 0 498076 0 1865180 0 0 0 860904 1891944 0 339470 0 1625943 0 1524600 2030106 2117540 3727102 1500630 1661374 0 396115 0 0 3542605 1944140 401699 1734802
949680 0 793440 685425 0 574584 0 508458 0 186744 3217500 0 0 1235400 1065782 0 2102347 3569765 0 1114470 1034996 25230 775989 1875420 0 0 0 621600 0 0 0 0 0 2842574 0 461970 2187570 332075 0 0 1533792 0 0 533624 0 3724644 2393091 2280300 0 2360260 0 412500 0 2160005 0 568110 0 1757184 1774080 478464 0 0 1746992 290784 5026104 0 0 2088900 701294 0 0 0 1277460 1721084 2783083 678510 2444056 1049400 2620772 2457312 567240 1487616 3894994 3175523 0 0 0 0 0 124821 0 1085025 0 0 2801693 1324929 1675520 1361127 0 2392644
0 0 3708924 0 2107855 221872 1394595 0 0 0 0 648219 2202746 2778252 0 0 0 0 995533 0 151088 0 256542 3057171 855259 0 0 0 121407 4275396 2194242 227248 2986821 125328 2710950 0 2665226 3035295 209209 0 0 3027445 375375 442989 0 965030 2126135 759097 0 1612930 707421 0 86450 597370 1156858 0 0 0 0 3297807 0 78288 2726122 0 325052 0 770484 1376145 0 0 725010 3330054 0 2703509 0 0 0 1537663 0 0 0 1087541 0 0 3321340 0 1224132 0 409266 2002182 0 0 3513328 0 54320 0 0 0 15008 0
1192026 615960 0 3046527 0 492121 0 141814 2861568 0 0 0 0 425196 0 0 2341785 1855642 142674 399853 948150 55809 266484 0 2638127 403602 0 240024 0 0 0 348615 876032 0 0 18821 0 2994048 640080 307665 0 0 109347 0 0 724206 0 1951872 0 0 0 24009 0 519232 2958249 224680 0 0 2938112 1199768 593636 117348 0 711480 0 3837472 0 0 0 0 300510 306552 0 0 1360128 270256 0 0 0 0 3221813 1891776 1108226 0 0 567999 126882 509878 0 848820 0 0 0 0 0 0 0 0 0 2521568
2101702 0 650832 1142832 0 239598 1378080 0 0 0 1983759 0 0 0 413004 0 0 1714174 1103494 0 0 1045944 562794 0 0 370230 583311 0 1379522 339077 973434 275616 0 0 943068 1397568 0 0 47897 0 68949 0 0 0 0 0 0 0 0 0 0 675108 0 0 0 1259760 0 2401772 257209 0 0 0 700060 613350 1604992 0 0 1257694 0 0 1006880 0 0 0 1401106 310059 0 307098 1018152 0 607851 1419840 0 0 0 291465 0 336423 683514 0 627507 1137710 0 1183805 18189 0 384653 437479 1200493 148248
18608 76340 0 0 0 42525 0 384901 0 0 0 0 0 5029434 0 1958151 0 284900 0 510950 23856 19760 0 0 0 1368417 637875 1113566 1719120 0 576 0 0 0 3259914 0 864032 32384 0 0 0 520858 0 0 0 0 0 0 1012102 1515150 0 0 1742000 0 4816 761780 0 696816 0 0 557839 1844992 434525 32448 169575 3364274 0 183750 0 0 0 0 554562 7648 624713 28640 0 2900840 0 0 2726880 1402102 215280 0 2582480 1335874 0 25632 0 30672 3993415 0 0 0 2462628 0 626240 0 0 1631742
1972595 0 610365 1193734 0 385884 1439460 0 0 493912 4055709 1469192 247000 0 384838 622165 0 3403032 831480 1197047 1156993 0 1085380 3623261 496443 0 0 0 5065995 1105663 677799 287892 2406527 0 352198 1459816 275856 0 0 0 691485 2033364 792750 0 0 2328476 519244 3003654 239070 2053581 1807938 2532821 1324354 1069758 0 1320120 0 3122008 0 11049 0 0 2084820 0 3891856 23023 1627176 2126940 3651282 230776 1531140 233772 894880 1930226 4114072 0 0 303720 0 0 0 2286720 0 300026 0 988345 0 1365540 4648497 0 0 976361 2733235 310787 846328 67592 0 0 0 1813343
0 0 1141920 0 0 2750738 0 1114672 0 0 256204 0 0 794384 0 0 222592 0 6392340 0 0 0 675270 8320 0 3462792 8576 0 2742296 0 284888 0 0 0 1295640 0 199168 0 0 643542 0 1718530 0 0 2400428 0 0 0 845170 0 0 1343760 0 3173728 0 0 0 0 0 541184 0 0 984750 0 0 0 0 0 0 133120 942726 0 3745844 523888 0 613664 0 0 0 0 0 0 317306 0 0 0 3676012 0 824704 0 1055982 690538 48128 2077050 0 955760 591240 0 2119642 2444992
0 192984 0 1814867 1467690 0 607332 0 196344 0 1895288 588104 0 679520 0 825600 12762 562030 330132 0 0 7124 0 0 119584 0 0 414348 2615160 513190 0 0 465432 0 0 0 456144 205434 0 0 2684352 997857 0 0 0 2532816 0 133926 965436 2536832 1043868 12240 0 0 200928 1477336 0 0 201596 0 0 639516 1063269 144996 692134 0 0 3003660 0 0 17010 1527988 0 4110898 2450597 0 0 362604 120435 0 983112 0 13113 0 931052 10233 44892 2689764 0 0 3063569 0 2105770 0 0 0 239555 926776 0 5137806
2816166 5212830 1161945 0 1976212 2664522 5457010 2897248 0 1577608 240656 0 1587960 746176 0 15105 4945362 3106278 6232983 2088119 2338767 1382520 0 471642 0 0 604868 0 6184123 0 0 353010 56601 0 533200 1327854 615040 2550744 4470725 604488 456624 4007443 0 2183913 0 0 3040100 1072098 1514320 1173991 0 4647301 2752093 3424754 2117696 1290883 0 2115963 2117295 0 933570 0 481140 757406 10826932 4362247 1736800 0 1549464 880134 5146290 0 3165600 0 2071595 1237643 0 3123244 0 2991780 0 0 1662437 614940 3081645 3296626 0 1210851 3745093 0 3631320 648632 4106845 3284233 0 0 4487827 1949564 870958 0
121635 0 1566468 0 0 3406253 1991279 1724984 642843 0 255732 0 73660 1662525 0 0 0 2457735 3596553 1378057 3780280 1993442 905040 1672377 727950 1124748 0 0 2221290 2051047 370938 2073638 416976 1143618 639743 9164 0 0 1399039 1044900 644556 558195 0 133365 779682 0 0 149600 0 0 100983 2259844 965210 1103253 928260 0 0 2035440 2367631 1071176 530730 2362946 760657 0 2594495 586988 1278660 1367354 1910857 383980 1539740 1041120 3595521 0 0 0 0 0 0 0 13430 0 0 1860756 116116 103356 3713490 728495 995873 0 277008 1602807 0 1666105 2044897 1917137 4055012 783052 2551096 171530
0 2455480 3336570 0 0 0 0 676234 1354590 0 0 1554220 1007312 7677920 66816 0 3017856 883456 684428 1067410 1252800 0 3557628 3524010 0 0 940992 0 224702 335104 0 2173376 0 0 1235305 0 1737216 0 2373560 403611 252681 4426872 694750 325011 0 0 938232 621720 0 0 1522096 226160 0 0 0 0 0 797940 354237 4416006 106571 3727680 305208 0 219800 2326377 1426024 3236864 1629660 0 4153658 0 120640 0 0 0 0 2753676 0 1897816 0 0 0 1188246 0 365632 2448064 22490 2855966 0 2651800 942850 3596144 0 5417514 3385610 698399 237372 2293980 729015
0 0 1046076 0 1466914 1820051 840296 1124453 0 0 0 0 605206 818388 0 1749678 1124474 1513251 0 1111861 237604 0 0 1496736 345521 2352381 170910 1398972 1176812 0 0 1584474 0 0 351104 0 785094 894105 255020 0 0 1473548 177834 130491 0 0 0 0 0 405964 0 1078480 0 0 1514726 1309540 0 1504941 0 971433 522699 0 83134 400879 0 2518098 0 0 0 0 1498770 0 133352 796371 904813 388788 0 418323 0 0 0 1977086 1155401 0 0 2477880 1798416 0 999120 2218698 738083 0 41674 0 0 0 1214083 0 0 0
957818 0 1884330 0 0 0 0 0 0 0 1086488 2745101 2693492 0 3033560 850884 1463504 0 2531220 3294200 0 0 1059656 234820 0 0 0 0 971912 294190 0 0 0 0 0 0 0 0 3104150 468410 267456 2572944 2254590 2958852 0 227540 0 0 0 1076816 2922028 0 171140 0 0 553393 0 1239372 0 0 0 344410 570512 220492 3277567 3001998 5182562 0 0 1433520 2994680 0 0 1001858 0 662460 0 3822384 0 0 0 0 0 1145452 1129980 1786470 0 0 1690488 754654 0 0 1145326 0 0 0 0 1215524 0 0
362856 584904 4648851 3545641 5557427 711179 2004660 2222135 2576183 0 3392222 0 0 1846000 0 315432 2112500 2526308 5009511 3965150 949483 37700 0 4079254 1208250 1536339 0 1333620 2787264 196735 11232 728411 431656 3985166 82058 696427 1570683 631488 0 0 111606 0 0 0 0 3110000 0 1889194 0 1952504 2315880 341750 0 0 93912 3781704 0 655869 156462 1523596 154846 675573 1668289 632736 1027420 2448267 0 1730622 436073 0 2534953 0 0 819113 0 558480 1611540 869412 4018231 2051756 1896431 1522389 0 213956 0 1681941 0 665810 0 2469204 5628707 0 765919 0 174115 1835600 308474 2349733 48106 4406151
0 0 0 0 0 0 0 1094170 0 0 2297880 0 0 0 0 0 2389849 0 0 0 0 0 0 0 0 0 0 0 0 0 0 0 0 0 0 0 0 0 0 0 254280 0 0 0 0 0 809039 0 0 0 0 2489760 0 0 0 0 0 0 0 0 0 0 656656 2262000 0 0 900130 0 0 0 0 0 0 0 0 1143480 0 1880692 1457040 0 2241720 0 0 1411410 0 0 0 0 141757 402402 0 0 0 605836 67080 0 0 4980064 0 0
659880 2875805 971750 1041105 0 1330938 1802752 0 0 951676 4060410 2188879 1179742 0 0 0 355465 2337990 0 926900 2465820 0 3521175 0 1272921 1905225 0 944160 0 1445375 1156350 97626 0 0 54802 4030924 1652097 2060675 0 2808509 479050 80931 0 0 17861 0 3779107 2823740 0 3594820 535600 357250 0 1737147 299728 384747 0 1954204 1353600 274352 0 0 2530013 338520 3077286 2455099 0 2852814 589331 0 2221210 2272305 0 3831839 1807279 4287283 1449960 908844 2159142 2222681 43566 1431360 4503766 1818480 0 645450 0 1640589 0 1853052 1925299 1648065 1342845 0 0 809970 1278400 1686056 0 0
2738322 0 642105 526806 746492 0 0 1510272 0 0 3122288 0 0 1433664 1096849 0 2818938 484476 1054135 0 1922590 0 322044 999865 0 0 0 0 1083445 0 0 0 1591967 0 0 0 68808 0 0 1161432 252336 415915 0 1206857 0 2709950 281436 0 1673494 0 0 1677824 3018332 15048 799936 495660 0 1169307 0 0 0 0 2728570 208027 1954034 535463 0 0 0 657748 814590 0 530160 0 1379507 0 0 928236 0 0 0 632574 627967 0 1025115 490047 0 677625 1488384 637320 0 1246248 0 0 501396 40044 1726901 0 0 4557854
1682590 469744 2974161 0 1065543 0 3301632 1784619 542619 1268052 0 15204 0 6787979 1070992 2046524 2796625 2027490 47784 2832368 244169 430163 909929 1411641 1541618 193110 1512628 1088932 618266 1147041 1813440 0 1132912 0 1650694 913851 2574443 0 2315978 0 0 3132218 325981 0 0 3249367 607590 451707 3063444 3234164 2626127 0 1228000 394385 688398 1123813 0 1519787 612774 619418 113997 1437720 1590078 1173616 3544882 87802 0 0 652806 0 402234 0 90012 0 0 923253 0 2712840 324990 0 1226348 0 1146998 0 0 1051154 109272 881413 2613081 0 1627236 377685 262504 0 3610719 4426738 0 3103641 928873 1568646
279984 0 2344055 5718524 4402481 0 0 3349478 1513071 616456 2963676 68634 2851668 0 3414012 863784 1421735 2845267 2602749 3707340 0 3262005 1783701 1600398 1030770 256188 0 880008 3350592 0 0 0 0 1548215 0 641136 415678 292896 3493455 0 747980 0 1143153 1890336 0 3567492 3660559 190944 0 0 0 3211152 0 0 262656 2525890 0 0 287424 2652966 0 0 1797453 2917400 2930265 2739765 3635315 0 605097 1613304 1056381 0 0 0 133056 2669172 0 5259464 2082803 676845 2891244 0 0 616032 48888 2475099 0 0 603863 2562300 4548121 0 2355345 931796 86516 2547045 0 6694090 18648 7702236
593010 0 552901 1310385 1559701 413722 3738656 997412 0 0 0 0 461645 0 0 0 1978020 770202 1684239 2018010 1039500 2586444 0 0 408980 0 1696240 0 0 2767254 0 39930 442618 1589905 435600 3781153 0 0 390894 0 0 0 0 318714 0 793980 455928 0 0 0 2707374 0 0 750544 0 1104740 0 0 2099118 1908838 0 0 0 1068340 0 0 0 2451113 0 0 1084827 0 231836 0 2158520 3861392 1883967 0 3000501 0 0 923670 164566 0 4167527 647757 0 0 0 3118005 5872305 1656564 3097640 0 0 438504 3139206 2862664 2442440 3140456
477993 4261907 1459620 3169240 2304120 1393326 0 0 2325905 0 0 0 2709919 1549125 0 415521 0 891800 0 472005 2590401 731394 2824000 1558305 1262574 1528000 0 553206 3144960 0 14796 0 0 0 0 1512000 0 831864 1049580 0 0 0 0 0 0 0 1434987 950895 228135 990174 94095 0 0 241755 123711 2344160 0 99462 0 0 0 2095491 2153943 1509968 336175 3206149 0 0 720630 0 2900710 1822400 737550 196458 0 2442890 0 0 191100 2902631 0 0 0 1296300 712220 0 943866 668367 1970556 787887 6032043 416925 0 0 1443555 2146705 0 1470560 1014390 3019989
3684019 513744 417498 976689 0 4626125 2813456 422740 1111481 0 6988279 0 2352000 1635338 0 1086536 2511486 3769752 3252285 617754 1941597 15392 0 2534122 1443862 597192 3143065 561282 6852540 0 138384 0 2027706 835443 774745 0 0 844008 3377540 0 0 682028 0 0 4160275 1008114 0 3891210 0 0 0 2779162 0 1952864 125517 764299 0 2891016 111750 1689468 3109426 1949265 580070 2428502 791673 0 0 857850 4006404 0 2487500 0 474705 426198 1160957 1680134 0 0 0 0 2124096 8376158 2022477 834330 2470018 170618 1289450 1876288 5011918 1980969 1901863 3359700 0 341014 0 0 487808 0 0 9372404
2871057 0 1648008 1673198 147204 1723305 2664810 528570 0 0 4185256 0 1178688 3370024 0 0 0 0 1058983 0 0 21814 0 1418742 0 0 1542643 0 2182119 2278638 0 403524 2792775 0 3019011 2046152 1236852 1408590 0 0 197505 1115874 0 205578 1732075 916354 2018893 204516 0 1711934 0 0 0 0 0 2106912 0 623700 276885 1858644 0 1958226 0 0 20925 179865 0 592554 0 0 159075 0 0 1422423 0 0 0 659034 0 0 3010332 1653145 0 378630 6004734 0 635825 0 602784 0 2570696 2749792 191835 0 0 0 1237231 0 0 1854775
